100. 5.32604 0.0100086 0
96.204 5.31005 0.0100603 0
92.5522 5.29253 0.0101131 0
89.0389 5.27334 0.0101687 0
85.659 5.25231 0.0102284 0
82.4074 5.22929 0.0102937 0
79.2793 5.20409 0.010366 0
76.2699 5.17652 0.0104466 0
73.3747 5.14641 0.0105364 0
70.5894 5.11355 0.0106362 0
67.9099 5.07778 0.0107461 0
65.332 5.03893 0.0108653 0
62.852 4.99689 0.0109926 0
60.4662 4.95158 0.0111255 0
58.1709 4.90298 0.0112602 0
55.9628 4.85116 0.0113921 0
53.8384 4.79628 0.0115154 0
51.7947 4.73861 0.0116239 0
49.8286 4.67853 0.011711 0
47.9372 4.61652 0.0117709 0
46.1175 4.55313 0.0117989 0
44.3669 4.48898 0.0117921 0
42.6827 4.42472 0.0117498 0
41.0625 4.36097 0.0116734 0
39.5038 4.29832 0.0115664 0
38.0042 4.23726 0.0114334 0
36.5616 4.17825 0.0112801 0
35.1737 4.12159 0.0111125 0
33.8386 4.06754 0.0109362 0
32.5541 4.01624 0.0107563 0
31.3183 3.96777 0.0105773 0
30.1295 3.92216 0.0104029 0
28.9858 3.87937 0.0102357 0
27.8855 3.83933 0.0100778 0
26.827 3.80195 0.00993069 0
25.8086 3.76711 0.00979515 0
24.8289 3.73468 0.00967161 0
23.8864 3.70454 0.00956013 0
22.9797 3.67654 0.00946047 0
22.1074 3.65055 0.00937219 0
21.2682 3.62644 0.00929471 0
20.4609 3.60409 0.00922732 0
19.6842 3.58338 0.00916921 0
18.937 3.56418 0.00911954 0
18.2181 3.5464 0.00907742 0
18.2181 5.51729 0.00885804 1
17.5266 3.52993 0.00904194 0
17.5266 5.50355 0.0100304 1
16.8613 3.51468 0.00901218 0
16.8613 5.47453 0.0112768 1
16.2212 3.50056 0.00898722 0
16.2212 5.42896 0.0126284 1
15.6055 3.48749 0.00896617 0
15.6055 5.3656 0.0140728 1
15.0131 3.47539 0.00894811 0
15.0131 5.28391 0.0155348 1
14.4432 3.46419 0.00893221 0
14.4432 5.18495 0.0168731 1
13.895 3.45383 0.00891762 0
13.895 5.07191 0.0179222 1
13.3675 3.44424 0.00890354 0
13.3675 4.94973 0.0185642 1
12.8601 3.43537 0.00888925 0
12.8601 4.8241 0.0187759 1
12.3719 3.42716 0.00887403 0
12.3719 4.70006 0.0186209 1
11.9023 3.41957 0.00885726 0
11.9023 4.58136 0.0182032 1
11.4505 3.41255 0.00883833 0
11.4505 4.47024 0.0176254 1
11.0158 3.40605 0.00881675 0
11.0158 4.36776 0.0169682 1
10.5977 3.40005 0.00879207 0
10.5977 4.27418 0.0162866 1
10.1954 3.3945 0.00876392 0
10.1954 4.1892 0.0156146 1
9.80837 3.38937 0.008732 0
9.80837 4.1123 0.0149712 1
9.43604 3.38463 0.0086961 0
9.43604 4.04281 0.0143657 1
9.07785 3.38026 0.00865609 0
9.07785 3.98005 0.0138015 1
9.07785 5.51643 0.0113245 2
8.73326 3.37621 0.0086119 0
8.73326 3.92336 0.0132785 1
8.73326 5.46575 0.0150506 2
8.40175 3.37247 0.00856356 0
8.40175 3.87209 0.0127949 1
8.40175 5.37191 0.0181787 2
8.08282 3.36902 0.00851114 0
8.08282 3.8257 0.0123479 1
8.08282 5.24348 0.0204304 2
7.776 3.36583 0.00845481 0
7.776 3.78366 0.0119345 1
7.776 5.09362 0.0215192 2
7.48083 3.36289 0.0083948 0
7.48083 3.74552 0.0115516 1
7.48083 4.93673 0.0215419 2
7.19686 3.36017 0.00833139 0
7.19686 3.71087 0.0111962 1
7.19686 4.78384 0.0208546 2
6.92367 3.35767 0.0082649 0
6.92367 3.67935 0.0108659 1
6.92367 4.64126 0.0198087 2
6.66085 3.65064 0.0105581 0
6.66085 3.65064 0.0105581 1
6.66085 4.51156 0.0186414 2
6.408 3.62447 0.0102709 0
6.408 3.62447 0.0102709 1
6.408 4.39512 0.0174833 2
6.16476 4.29125 0.0163963 0
6.16476 3.60058 0.0100026 1
6.16476 4.29125 0.0163963 2
5.93074 4.1988 0.0154039 0
5.93074 3.57875 0.00975139 1
5.93074 4.1988 0.0154039 2
5.93074 5.47416 0.015973 3
5.70562 3.55879 0.00951614 0
5.70562 3.55879 0.00951614 1
5.70562 4.11651 0.0145107 2
5.70562 5.34897 0.0201034 3
5.48903 3.54051 0.00929566 0
5.48903 3.54051 0.00929566 1
5.48903 4.04319 0.013712 2
5.48903 5.18359 0.0218808 3
5.28067 5.00596 0.0218606 0
5.28067 3.52376 0.00908901 1
5.28067 3.97772 0.0129998 2
5.28067 5.00596 0.0218606 3
5.08022 3.91915 0.0123649 0
5.08022 3.5084 0.00889537 1
5.08022 3.91915 0.0123649 2
5.08022 4.83431 0.0208692 3
4.88737 3.86663 0.0117985 0
4.88737 3.49431 0.00871403 1
4.88737 3.86663 0.0117985 2
4.88737 4.67701 0.0195144 3
4.70185 4.53646 0.0181138 0
4.70185 3.48137 0.00854444 1
4.70185 3.81942 0.0112926 2
4.70185 4.53646 0.0181138 3
4.52337 3.77689 0.01084 0
4.52337 3.46948 0.00838608 1
4.52337 3.77689 0.01084 2
4.52337 4.41221 0.0168026 3
4.52337 5.5 0.0147913 4
4.35167 4.30275 0.0156265 0
4.35167 3.45855 0.00823853 1
4.35167 3.73851 0.0104346 2
4.35167 4.30275 0.0156265 3
4.35167 5.36417 0.020384 4
4.18648 5.17927 0.022005 0
4.18648 3.44849 0.00810143 1
4.18648 3.70379 0.0100709 2
4.18648 4.2063 0.0145917 3
4.18648 5.17927 0.022005 4
4.02756 4.12116 0.0136885 0
4.02756 3.43924 0.00797447 1
4.02756 3.67233 0.00974461 2
4.02756 4.12116 0.0136885 3
4.02756 4.98709 0.0215034 4
3.87468 4.04578 0.0129026 0
3.87468 3.43073 0.00785738 1
3.87468 3.64378 0.00945166 2
3.87468 4.04578 0.0129026 3
3.87468 4.80751 0.0201688 4
3.72759 3.97885 0.0122187 0
3.72759 3.42288 0.00774992 1
3.72759 3.61782 0.0091887 2
3.72759 3.97885 0.0122187 3
3.72759 4.64694 0.0186518 4
3.5861 4.50584 0.0172109 0
3.5861 3.41566 0.00765188 1
3.5861 3.59419 0.00895293 2
3.5861 3.91924 0.0116231 3
3.5861 4.50584 0.0172109 4
3.5861 5.45996 0.0181038 5
3.44997 5.27898 0.0218694 0
3.44997 3.409 0.00756305 1
3.44997 3.57266 0.00874181 2
3.44997 3.86598 0.0111035 3
3.44997 4.38249 0.0159274 4
3.44997 5.27898 0.0218694 5
3.31901 5.07412 0.0219029 0
3.31901 3.40287 0.00748327 1
3.31901 3.553 0.00855324 2
3.31901 3.81826 0.0106496 3
3.31901 4.27463 0.0148137 4
3.31901 5.07412 0.0219029 5
3.19302 4.1801 0.0138572 0
3.19302 3.53504 0.00838536 1
3.19302 3.53504 0.00838536 2
3.19302 3.7754 0.0102528 3
3.19302 4.1801 0.0138572 4
3.19302 4.87978 0.0206093 5
3.07181 4.09694 0.0130383 0
3.07181 4.70639 0.0190231 1
3.07181 3.51862 0.00823654 2
3.07181 3.73679 0.00990565 3
3.07181 4.09694 0.0130383 4
3.07181 4.70639 0.0190231 5
3.07181 5.5292 0.0097846 6
2.95521 4.55495 0.0175106 0
2.95521 3.70195 0.00960204 1
2.95521 3.50359 0.00810539 2
2.95521 3.70195 0.00960204 3
2.95521 4.02353 0.0123372 4
2.95521 4.55495 0.0175106 5
2.95521 5.39204 0.0210273 6
2.84303 5.18159 0.0225155 0
2.84303 3.48982 0.00799062 1
2.84303 3.48982 0.00799062 2
2.84303 3.67043 0.00933675 3
2.84303 3.95846 0.0117363 4
2.84303 4.4234 0.0161762 5
2.84303 5.18159 0.0225155 6
2.73511 4.30905 0.0150323 0
2.73511 3.37867 0.00721411 1
2.73511 3.47719 0.00789114 2
2.73511 3.64188 0.00910541 3
2.73511 3.90059 0.0112205 4
2.73511 4.30905 0.0150323 5
2.73511 4.97217 0.021486 6
2.63129 4.20933 0.0140615 0
2.63129 4.20933 0.0140615 1
2.63129 3.46561 0.00780594 2
2.63129 3.61596 0.00890431 3
2.63129 3.84894 0.0107771 4
2.63129 4.20933 0.0140615 5
2.63129 4.78393 0.0198597 6
2.63129 5.52912 0.0107837 7
2.5314 4.61992 0.0182513 0
2.5314 3.8027 0.0103957 1
2.5314 3.45498 0.00773411 2
2.5314 3.59239 0.00873023 3
2.5314 3.8027 0.0103957 4
2.5314 4.12198 0.0132398 5
2.5314 4.61992 0.0182513 6
2.5314 5.36995 0.0222063 7
2.43531 5.14811 0.022944 0
2.43531 5.14811 0.022944 1
2.43531 3.44522 0.00767484 2
2.43531 3.57094 0.00858048 3
2.43531 3.76118 0.0100676 4
2.43531 4.04515 0.0125441 5
2.43531 4.47817 0.0168283 6
2.43531 5.14811 0.022944 7
2.34287 4.93638 0.0215661 0
2.34287 3.55138 0.00845268 2
2.34287 3.55138 0.00845268 3
2.34287 3.72382 0.00978561 4
2.34287 3.97727 0.0119541 5
2.34287 4.3556 0.0156151 6
2.34287 4.93638 0.0215661 7
2.25393 4.24921 0.0145933 0
2.25393 3.36256 0.00714528 1
2.25393 3.69011 0.00954375 2
2.25393 3.53354 0.00834473 3
2.25393 3.69011 0.00954375 4
2.25393 3.91705 0.0114526 5
2.25393 4.24921 0.0145933 6
2.25393 4.7497 0.0198338 7
2.25393 5.45006 0.0211284 8
2.16838 4.58862 0.0182208 0
2.16838 4.58862 0.0182208 1
2.16838 3.65964 0.00933701 2
2.16838 3.51724 0.00825484 3
2.16838 3.65964 0.00933701 4
2.16838 3.86344 0.011026 5
2.16838 4.15644 0.0137354 6
2.16838 4.58862 0.0182208 7
2.16838 5.22771 0.0237934 8
2.08606 5.00436 0.0226378 0
2.08606 3.41346 0.00754878 1
2.08606 3.50233 0.00818137 2
2.08606 3.50233 0.00818137 3
2.08606 3.63203 0.00916109 4
2.08606 3.81554 0.0106626 5
2.08606 4.07511 0.0130142 6
2.08606 4.45003 0.01683 7
2.08606 5.00436 0.0226378 8
2.00688 4.33051 0.0156602 0
2.00688 3.35563 0.00718933 1
2.00688 3.40705 0.00754175 2
2.00688 3.48869 0.00812289 3
2.00688 3.60698 0.00901242 4
2.00688 3.77262 0.0103532 5
2.00688 4.00351 0.0124068 6
2.00688 4.33051 0.0156602 7
2.00688 4.80636 0.0208322 8
2.00688 5.45118 0.022095 9
1.9307 3.94017 0.0118939 0
1.9307 3.40115 0.0075433 1
1.9307 4.22689 0.0146827 2
1.9307 3.58422 0.00888786 3
1.9307 3.73406 0.01009 4
1.9307 3.73406 0.01009 5
1.9307 3.94017 0.0118939 6
1.9307 4.22689 0.0146827 7
1.9307 4.63587 0.0191065 8
1.9307 5.2208 0.0245489 9
1.85741 4.48978 0.017616 0
1.85741 4.48978 0.017616 1
1.85741 3.88391 0.0114599 2
1.85741 3.69931 0.00986664 3
1.85741 3.5635 0.00878472 4
1.85741 3.69931 0.00986664 5
1.85741 3.88391 0.0114599 6
1.85741 4.13656 0.0138659 7
1.85741 4.48978 0.017616 8
1.85741 4.99427 0.02316 9
1.7869 4.7956 0.0212457 0
1.7869 5.38142 0.0247935 1
1.7869 5.38142 0.0247935 2
1.7869 3.66794 0.00967769 3
1.7869 3.54463 0.00870063 4
1.7869 3.66794 0.00967769 5
1.7869 3.83376 0.0110921 6
1.7869 4.05742 0.0131815 7
1.7869 4.36423 0.016366 8
1.7869 4.7956 0.0212457 9
1.7869 5.38142 0.0247935 10
1.71907 4.25579 0.0153255 0
1.71907 5.14089 0.0249651 1
1.71907 3.34876 0.007332 2
1.71907 3.44463 0.00801402 3
1.71907 3.52741 0.00863352 4
1.71907 3.7889 0.0107801 5
1.71907 3.7889 0.0107801 6
1.71907 3.98772 0.0126063 7
1.71907 4.25579 0.0153255 8
1.71907 4.62551 0.0194724 9
1.71907 5.14089 0.0249651 10
1.65382 4.92067 0.0230935 0
1.65382 4.92067 0.0230935 1
1.65382 4.48021 0.017961 2
1.65382 3.51168 0.00858151 3
1.65382 3.61383 0.00938568 4
1.65382 3.61383 0.00938568 5
1.65382 3.74867 0.0105156 6
1.65382 3.92606 0.0121213 7
1.65382 4.16155 0.014459 8
1.65382 4.48021 0.017961 9
1.65382 4.92067 0.0230935 10
1.65382 5.4795 0.0227849 11
1.59104 4.35556 0.0167014 0
1.59104 4.07918 0.0137349 1
1.59104 3.34613 0.00743278 2
1.59104 4.73111 0.0211085 3
1.59104 3.71248 0.0102913 4
1.59104 3.59048 0.00927542 5
1.59104 3.87129 0.011711 6
1.59104 3.87129 0.011711 7
1.59104 4.07918 0.0137349 8
1.59104 4.35556 0.0167014 9
1.59104 4.73111 0.0211085 10
1.59104 5.24059 0.0262131 11
1.53064 4.56969 0.0193694 0
1.53064 5.00617 0.0245656 1
1.53064 3.42024 0.00803416 2
1.53064 3.56925 0.00918498 3
1.53064 3.67985 0.0101016 4
1.53064 3.56925 0.00918498 5
1.53064 3.82245 0.011363 6
1.53064 3.82245 0.011363 7
1.53064 4.0068 0.013127 8
1.53064 4.24798 0.0156559 9
1.53064 4.56969 0.0193694 10
1.53064 5.00617 0.0245656 11
1.53064 5.52269 0.01846 12
1.47254 4.80286 0.0224352 1
1.47254 3.47214 0.00849993 2
1.47254 4.80286 0.0224352 3
1.47254 3.77877 0.0110675 4
1.47254 3.77877 0.0110675 5
1.47254 3.65037 0.00994153 6
1.47254 3.94291 0.0126146 7
1.47254 3.94291 0.0126146 8
1.47254 4.15456 0.0147862 9
1.47254 4.43195 0.0179136 10
1.47254 4.80286 0.0224352 11
1.47254 5.29367 0.0271175 12
1.41664 4.31371 0.0167072 0
1.41664 4.07294 0.014059 1
1.41664 3.34299 0.00761085 2
1.41664 3.73957 0.010816 3
1.41664 3.73957 0.010816 4
1.41664 3.88624 0.0121806 5
1.41664 3.62367 0.00980684 6
1.41664 3.88624 0.0121806 7
1.41664 3.88624 0.0121806 8
1.41664 4.07294 0.014059 9
1.41664 4.31371 0.0167072 10
1.41664 4.63002 0.020514 11
1.41664 5.05128 0.0256503 12
1.41664 5.53204 0.0159458 13
1.36287 4.84015 0.0234017 0
1.36287 4.84015 0.0234017 1
1.36287 3.34213 0.00767532 2
1.36287 3.36545 0.0078462 3
1.36287 5.30401 0.0279342 4
1.36287 3.70431 0.0106018 5
1.36287 3.59947 0.00969399 6
1.36287 3.83579 0.0118117 7
1.36287 4.00125 0.0134476 8
1.36287 4.00125 0.0134476 9
1.36287 4.21155 0.0157066 10
1.36287 4.48309 0.0188985 11
1.36287 4.84015 0.0234017 12
1.36287 5.30401 0.0279342 13
1.31113 4.35743 0.0175607 0
1.31113 4.12267 0.014872 1
1.31113 3.36292 0.00790085 2
1.31113 3.57748 0.0095998 3
1.31113 5.51969 0.0213036 4
1.31113 3.67251 0.0104191 5
1.31113 3.79072 0.0114968 6
1.31113 3.79072 0.0114968 7
1.31113 3.93795 0.0129304 8
1.31113 3.93795 0.0129304 9
1.31113 4.12267 0.014872 10
1.31113 4.35743 0.0175607 11
1.31113 4.66097 0.0213449 12
1.31113 5.05821 0.0263544 13
1.31113 5.51969 0.0213036 14
1.26136 4.24924 0.0164532 0
1.26136 4.84493 0.0239852 1
1.26136 4.84493 0.0239852 2
1.26136 3.34066 0.00780864 3
1.26136 4.84493 0.0239852 4
1.26136 3.64377 0.0102632 5
1.26136 3.88183 0.0124907 6
1.26136 3.64377 0.0102632 7
1.26136 3.88183 0.0124907 8
1.26136 4.04492 0.0141717 9
1.26136 4.04492 0.0141717 10
1.26136 4.24924 0.0164532 11
1.26136 4.50905 0.019614 12
1.26136 4.84493 0.0239852 13
1.26136 5.27602 0.0286488 14
1.21348 5.03131 0.0266606 0
1.21348 4.15544 0.0155312 1
1.21348 5.03131 0.0266606 2
1.21348 3.35848 0.00801501 3
1.21348 3.42549 0.00853202 4
1.21348 5.03131 0.0266606 5
1.21348 3.71403 0.0109952 6
1.21348 3.61775 0.0101299 7
1.21348 3.83187 0.0121146 8
1.21348 3.97652 0.0135799 9
1.21348 3.97652 0.0135799 10
1.21348 4.15544 0.0155312 11
1.21348 4.37948 0.018183 12
1.21348 4.66446 0.0218403 13
1.21348 5.03131 0.0266606 14
1.21348 5.4729 0.0270865 15
1.16742 4.26816 0.0169995 0
1.16742 5.21463 0.0289913 1
1.16742 4.82122 0.0241844 2
1.16742 3.35654 0.00807317 3
1.16742 4.82122 0.0241844 4
1.16742 3.68134 0.0107951 6
1.16742 3.91606 0.0130762 7
1.16742 3.68134 0.0107951 8
1.16742 3.91606 0.0130762 9
1.16742 4.0736 0.0147579 10
1.16742 4.0736 0.0147579 11
1.16742 4.26816 0.0169995 12
1.16742 4.5117 0.0200435 13
1.16742 4.82122 0.0241844 14
1.16742 5.21463 0.0289913 15
1.1231 5.38569 0.0299381 0
1.1231 4.00176 0.0141041 1
1.1231 4.97631 0.0265457 2
1.1231 3.35476 0.00813116 3
1.1231 3.45433 0.00891959 4
1.1231 4.97631 0.0265457 5
1.1231 5.38569 0.0299381 6
1.1231 4.1718 0.0160143 7
1.1231 3.65181 0.0106215 8
1.1231 3.86237 0.0126445 9
1.1231 4.00176 0.0141041 10
1.1231 4.1718 0.0160143 11
1.1231 4.1718 0.0160143 12
1.1231 4.38155 0.0185605 13
1.1231 4.64395 0.022004 14
1.1231 4.97631 0.0265457 15
1.1231 5.38569 0.0299381 16
1.08047 4.26983 0.0173346 0
1.08047 4.26983 0.0173346 1
1.08047 4.08788 0.0151878 2
1.08047 3.40578 0.00860258 3
1.08047 3.37541 0.00836192 4
1.08047 5.52298 0.0234594 5
1.08047 3.62509 0.0104702 6
1.08047 5.12621 0.0287528 7
1.08047 4.08788 0.0151878 8
1.08047 3.7113 0.0112682 9
1.08047 3.93841 0.013547 10
1.08047 4.08788 0.0151878 11
1.08047 4.08788 0.0151878 12
1.08047 4.26983 0.0173346 13
1.08047 4.49403 0.020192 14
1.08047 4.77412 0.0240193 15
1.08047 5.12621 0.0287528 16
1.08047 5.52298 0.0234594 17
1.03946 4.36631 0.0186992 0
1.03946 4.89988 0.0260265 1
1.03946 4.17323 0.0163134 2
1.03946 4.89988 0.0260265 3
1.03946 3.37224 0.00840546 4
1.03946 3.40026 0.00862877 5
1.03946 4.89988 0.0260265 6
1.03946 4.6039 0.0218634 7
1.03946 4.89988 0.0260265 8
1.03946 3.67892 0.0110552 9
1.03946 3.88227 0.0130685 10
1.03946 4.01433 0.0144881 11
1.03946 4.17323 0.0163134 12
1.03946 4.17323 0.0163134 13
1.03946 4.36631 0.0186992 14
1.03946 4.6039 0.0218634 15
1.03946 4.89988 0.0260265 16
1.03946 5.26661 0.0305028 17
1. 4.45981 0.0200842 0
1. 4.25661 0.0174636 1
1. 5.01875 0.0279446 2
1. 3.3952 0.00865484 3
1. 3.36934 0.00844761 4
1. 3.36934 0.00844761 5
1. 4.25661 0.0174636 6
1. 3.73339 0.0116653 7
1. 4.70935 0.0235369 8
1. 4.25661 0.0174636 9
1. 3.73339 0.0116653 10
1. 3.94952 0.0138903 11
1. 4.08909 0.0154547 12
1. 4.25661 0.0174636 13
1. 4.25661 0.0174636 14
1. 4.45981 0.0200842 15
1. 4.70935 0.0235369 16
1. 5.01875 0.0279446 17
1. 5.39213 0.0311839 18
