100. 5.31457 0
96.204 5.29815 0
92.5522 5.28019 0
89.0389 5.26055 0
85.659 5.23906 0
82.4074 5.21555 0
79.2793 5.18985 0
76.2699 5.16176 0
73.3747 5.1311 0
70.5894 5.09768 0
67.9099 5.06132 0
65.332 5.02186 0
62.852 4.97919 0
60.4662 4.93324 0
58.1709 4.88399 0
55.9628 4.83152 0
53.8384 4.77601 0
51.7947 4.71774 0
49.8286 4.65711 0
47.9372 4.59459 0
46.1175 4.53078 0
44.3669 4.4663 0
42.6827 4.40178 0
41.0625 4.33786 0
39.5038 4.27512 0
38.0042 4.21407 0
36.5616 4.15511 0
35.1737 4.09856 0
33.8386 4.04467 0
32.5541 3.99356 0
31.3183 3.9453 0
30.1295 3.89991 0
28.9858 3.85735 0
27.8855 3.81753 0
26.827 3.78037 0
25.8086 3.74573 0
24.8289 3.71349 0
23.8864 3.68352 0
22.9797 3.65567 0
22.1074 3.62982 0
21.2682 3.60583 0
20.4609 3.58357 0
19.6842 3.56293 0
18.937 3.5438 0
18.2181 3.52605 0
18.2181 5.49716 1
17.5266 3.50961 0
17.5266 5.48071 1
16.8613 3.49436 0
16.8613 5.44877 1
16.2212 3.48022 0
16.2212 5.40003 1
15.6055 3.46712 0
15.6055 5.33324 1
15.0131 3.45497 0
15.0131 5.24806 1
14.4432 3.44371 0
14.4432 5.14589 1
13.895 3.43326 0
13.895 5.03028 1
13.3675 3.42358 0
13.3675 4.90647 1
12.8601 3.41461 0
12.8601 4.78015 1
12.3719 3.40628 0
12.3719 4.65624 1
11.9023 3.39856 0
11.9023 4.53823 1
11.4505 3.3914 0
11.4505 4.42816 1
11.0158 3.38476 0
11.0158 4.3269 1
10.5977 3.37861 0
10.5977 4.23457 1
10.1954 3.3729 0
10.1954 4.15082 1
9.80837 3.3676 0
9.80837 4.07508 1
9.43604 3.36269 0
9.43604 4.00667 1
9.07785 3.35813 0
9.07785 3.94488 1
9.07785 5.48619 2
8.73326 3.3539 0
8.73326 3.88906 1
8.73326 5.42562 2
8.40175 3.34998 0
8.40175 3.83859 1
8.40175 5.32318 2
8.08282 3.34635 0
8.08282 3.79289 1
8.08282 5.18835 2
7.776 3.34297 0
7.776 3.75147 1
7.776 5.03509 2
7.48083 3.33984 0
7.48083 3.71388 1
7.48083 4.87753 2
7.19686 3.33694 0
7.19686 3.67972 1
7.19686 4.72582 2
6.92367 3.33425 0
6.92367 3.64863 1
6.92367 4.58536 2
6.66085 3.33175 0
6.66085 3.6203 1
6.66085 4.45815 2
6.408 3.32944 0
6.408 3.59447 1
6.408 4.34422 2
6.16476 3.32729 0
6.16476 3.57087 1
6.16476 4.24273 2
6.16476 5.49653 3
5.93074 3.3253 0
5.93074 3.5493 1
5.93074 4.15245 2
5.93074 5.42366 3
5.70562 3.32345 0
5.70562 3.52957 1
5.70562 4.07211 2
5.70562 5.28581 3
5.48903 3.32174 0
5.48903 3.51149 1
5.48903 4.00052 2
5.48903 5.11465 3
5.28067 3.32015 0
5.28067 3.49492 1
5.28067 3.9366 2
5.28067 4.9365 3
5.08022 3.31868 0
5.08022 3.47971 1
5.08022 3.87939 2
5.08022 4.7672 3
4.88737 3.31731 0
4.88737 3.46575 1
4.88737 3.82807 2
4.88737 4.61338 3
4.70185 3.31605 0
4.70185 3.45293 1
4.70185 3.78193 2
4.70185 4.47651 3
4.52337 3.31487 0
4.52337 3.44114 1
4.52337 3.74035 2
4.52337 4.35575 3
4.52337 5.44618 4
4.35167 3.31378 0
4.35167 3.43029 1
4.35167 3.7028 2
4.35167 4.24946 3
4.35167 5.29254 4
4.18648 3.31277 0
4.18648 3.42031 1
4.18648 3.66882 2
4.18648 4.15581 3
4.18648 5.10226 4
4.02756 3.31184 0
4.02756 3.41112 1
4.02756 3.63803 2
4.02756 4.07312 3
4.02756 4.91143 4
3.87468 3.31097 0
3.87468 3.40265 1
3.87468 3.61007 2
3.87468 3.9999 3
3.87468 4.73586 4
3.72759 3.31016 0
3.72759 3.39485 1
3.72759 3.58464 2
3.72759 3.93485 3
3.72759 4.57994 4
3.72759 5.49973 5
3.5861 3.30942 0
3.5861 3.38766 1
3.5861 3.56148 2
3.5861 3.87687 3
3.5861 4.44331 4
3.5861 5.39021 5
3.44997 3.30873 0
3.44997 3.38102 1
3.44997 3.54035 2
3.44997 3.82505 3
3.44997 4.32397 4
3.44997 5.19714 5
3.31901 3.30808 0
3.31901 3.3749 1
3.31901 3.52107 2
3.31901 3.77859 3
3.31901 4.21963 4
3.31901 4.9924 5
3.19302 3.30749 0
3.19302 3.36925 1
3.19302 3.50344 2
3.19302 3.73684 3
3.19302 4.12814 4
3.19302 4.80254 5
3.07181 3.30694 0
3.07181 3.36403 1
3.07181 3.48731 2
3.07181 3.69921 3
3.07181 4.04762 4
3.07181 4.6346 5
3.07181 5.47992 6
2.95521 3.30643 0
2.95521 3.35921 1
2.95521 3.47254 2
2.95521 3.66523 3
2.95521 3.97648 4
2.95521 4.48837 5
2.95521 5.3092 6
2.84303 3.30596 0
2.84303 3.35476 1
2.84303 3.459 2
2.84303 3.63448 3
2.84303 3.91338 4
2.84303 4.36146 5
2.84303 5.09457 6
2.73511 3.30552 0
2.73511 3.35065 1
2.73511 3.44657 2
2.73511 3.6066 3
2.73511 3.85721 4
2.73511 4.25112 5
2.73511 4.88928 6
2.63129 3.30511 0
2.63129 3.34686 1
2.63129 3.43517 2
2.63129 3.58128 3
2.63129 3.80705 4
2.63129 4.15483 5
2.63129 4.7071 6
2.63129 5.47293 7
2.5314 3.30474 0
2.5314 3.34335 1
2.5314 3.42469 2
2.5314 3.55824 3
2.5314 3.76211 4
2.5314 4.07042 5
2.5314 4.54905 6
2.5314 5.28114 7
2.43531 3.30439 0
2.43531 3.3401 1
2.43531 3.41506 2
2.43531 3.53725 3
2.43531 3.72173 4
2.43531 3.99611 5
2.43531 4.41258 6
2.43531 5.05811 7
2.34287 3.30406 0
2.34287 3.33711 1
2.34287 3.40619 2
2.34287 3.51811 3
2.34287 3.68536 4
2.34287 3.93039 5
2.34287 4.29455 6
2.34287 4.85206 7
2.25393 3.30376 0
2.25393 3.33433 1
2.25393 3.39804 2
2.25393 3.50063 3
2.25393 3.65253 4
2.25393 3.87204 5
2.25393 4.19201 6
2.25393 4.67215 7
2.25393 5.36271 8
2.16838 3.30349 0
2.16838 3.33177 1
2.16838 3.39053 2
2.16838 3.48464 3
2.16838 3.62282 4
2.16838 3.82004 5
2.16838 4.10251 6
2.16838 4.51728 7
2.16838 5.13358 8
2.08606 3.30323 0
2.08606 3.3294 1
2.08606 3.38362 2
2.08606 3.47001 3
2.08606 3.59589 4
2.08606 3.77354 5
2.08606 4.02397 6
2.08606 4.38409 7
2.08606 4.9156 8
2.00688 3.30299 0
2.00688 3.32721 1
2.00688 3.37724 2
2.00688 3.45661 3
2.00688 3.57143 4
2.00688 3.73184 5
2.00688 3.95474 6
2.00688 4.26912 7
2.00688 4.72485 8
2.00688 5.3598 9
1.9307 3.30277 0
1.9307 3.32518 1
1.9307 3.37137 2
1.9307 3.44432 3
1.9307 3.54918 4
1.9307 3.69433 5
1.9307 3.89343 6
1.9307 4.16934 7
1.9307 4.56118 8
1.9307 5.12398 9
1.85741 3.30257 0
1.85741 3.3233 1
1.85741 3.36595 2
1.85741 3.43305 3
1.85741 3.52892 4
1.85741 3.66051 5
1.85741 3.83893 6
1.85741 4.08226 7
1.85741 4.42098 8
1.85741 4.9038 9
1.85741 5.49176 10
1.7869 3.30238 0
1.7869 3.32157 1
1.7869 3.36095 2
1.7869 3.42269 3
1.7869 3.51044 4
1.7869 3.62995 5
1.7869 3.79029 6
1.7869 4.00587 7
1.7869 4.3004 8
1.7869 4.71291 9
1.7869 5.28216 10
1.71907 3.3022 0
1.71907 3.31996 1
1.71907 3.35634 2
1.71907 3.41318 3
1.71907 3.49356 4
1.71907 3.60227 5
1.71907 3.74674 6
1.71907 3.93851 7
1.71907 4.19611 8
1.71907 4.54988 9
1.71907 5.04354 10
1.65382 3.30204 0
1.65382 3.31847 1
1.65382 3.35209 2
1.65382 3.40443 3
1.65382 3.47812 4
1.65382 3.57716 5
1.65382 3.70764 6
1.65382 3.87885 7
1.65382 4.10535 8
1.65382 4.41058 9
1.65382 4.83124 10
1.65382 5.38426 11
1.59104 3.30189 0
1.59104 3.3171 1
1.59104 3.34816 2
1.59104 3.39639 3
1.59104 3.464 4
1.59104 3.55434 5
1.59104 3.67243 6
1.59104 3.82579 7
1.59104 4.02592 8
1.59104 4.29096 9
1.59104 4.64965 10
1.59104 5.13854 11
1.53064 3.30175 0
1.53064 3.31583 1
1.53064 3.34453 2
1.53064 3.38898 3
1.53064 3.45106 4
1.53064 3.53357 5
1.53064 3.64066 6
1.53064 3.77843 7
1.53064 3.95604 8
1.53064 4.18757 9
1.53064 4.49515 10
1.53064 4.91163 11
1.53064 5.43539 12
1.47254 3.30162 0
1.47254 3.31465 1
1.47254 3.34118 2
1.47254 3.38217 3
1.47254 3.4392 4
1.47254 3.51464 5
1.47254 3.61191 6
1.47254 3.73601 7
1.47254 3.89425 8
1.47254 4.09765 9
1.47254 4.36317 10
1.47254 4.7169 11
1.47254 5.18847 12
1.41664 3.3015 0
1.41664 3.31356 1
1.41664 3.33808 2
1.41664 3.37589 3
1.41664 3.42832 4
1.41664 3.49736 5
1.41664 3.58586 6
1.41664 3.69791 7
1.41664 3.83939 8
1.41664 4.01898 9
1.41664 4.24973 10
1.41664 4.55166 11
1.41664 4.95324 12
1.41664 5.44649 13
1.36287 3.30139 0
1.36287 3.31255 1
1.36287 3.33522 2
1.36287 3.3701 3
1.36287 3.41832 4
1.36287 3.48157 5
1.36287 3.56221 6
1.36287 3.6636 7
1.36287 3.7905 8
1.36287 3.94977 9
1.36287 4.15154 10
1.36287 4.41106 11
1.36287 4.75112 12
1.36287 5.19639 13
1.31113 3.30129 0
1.31113 3.31162 1
1.31113 3.33258 2
1.31113 3.36476 3
1.31113 3.40914 4
1.31113 3.46712 5
1.31113 3.54069 6
1.31113 3.63262 7
1.31113 3.74676 8
1.31113 3.88859 9
1.31113 4.066 10
1.31113 4.29066 11
1.31113 4.58002 12
1.31113 4.9582 13
1.31113 5.4233 14
1.26136 3.30119 0
1.26136 3.31076 1
1.26136 3.33013 2
1.26136 3.35984 3
1.26136 3.4007 4
1.26136 3.4539 5
1.26136 3.5211 6
1.26136 3.60459 7
1.26136 3.70752 8
1.26136 3.83426 9
1.26136 3.99104 10
1.26136 4.18682 11
1.26136 4.43482 12
1.26136 4.75432 13
1.26136 5.16678 14
1.21348 3.3011 0
1.21348 3.30996 1
1.21348 3.32788 2
1.21348 3.3553 3
1.21348 3.39294 4
1.21348 3.44178 5
1.21348 3.50323 6
1.21348 3.57918 7
1.21348 3.67221 8
1.21348 3.78584 9
1.21348 3.925 10
1.21348 4.09663 11
1.21348 4.31078 12
1.21348 4.58214 13
1.21348 4.93084 14
1.21348 5.36423 15
1.16742 3.30102 0
1.16742 3.30922 1
1.16742 3.32579 2
1.16742 3.35112 3
1.16742 3.38579 4
1.16742 3.43067 5
1.16742 3.48691 6
1.16742 3.5561 7
1.16742 3.64036 8
1.16742 3.74253 9
1.16742 3.86654 10
1.16742 4.01781 11
1.16742 4.20402 12
1.16742 4.43626 13
1.16742 4.73037 14
1.16742 5.10518 15
1.1231 3.30094 0
1.1231 3.30853 1
1.1231 3.32386 2
1.1231 3.34725 3
1.1231 3.37922 4
1.1231 3.42047 5
1.1231 3.472 6
1.1231 3.53511 7
1.1231 3.61156 8
1.1231 3.70367 9
1.1231 3.81457 10
1.1231 3.94853 11
1.1231 4.11146 12
1.1231 4.31177 13
1.1231 4.56142 14
1.1231 4.87684 15
1.1231 5.27099 16
1.08047 3.30087 0
1.08047 3.3079 1
1.08047 3.32208 2
1.08047 3.34368 3
1.08047 3.37316 4
1.08047 3.4111 5
1.08047 3.45835 6
1.08047 3.51599 7
1.08047 3.58548 8
1.08047 3.6687 9
1.08047 3.76819 10
1.08047 3.88732 11
1.08047 4.03069 12
1.08047 4.2047 13
1.08047 4.41833 14
1.08047 4.68426 15
1.08047 5.01848 16
1.08047 5.41755 17
1.03946 3.30081 0
1.03946 3.30731 1
1.03946 3.32042 2
1.03946 3.34039 3
1.03946 3.36757 4
1.03946 3.40249 5
1.03946 3.44584 6
1.03946 3.49855 7
1.03946 3.5618 8
1.03946 3.63716 9
1.03946 3.72667 10
1.03946 3.83301 11
1.03946 3.9598 12
1.03946 4.11193 13
1.03946 4.29619 14
1.03946 4.5221 15
1.03946 4.80265 16
1.03946 5.15186 17
1. 3.30075 0
1. 3.30677 1
1. 3.3189 2
1. 3.33735 3
1. 3.36243 4
1. 3.39457 5
1. 3.43438 6
1. 3.48262 7
1. 3.54028 8
1. 3.60864 9
1. 3.68937 10
1. 3.78462 11
1. 3.89723 12
1. 4.03101 13
1. 4.1911 14
1. 4.38463 15
1. 4.62143 16
1. 4.91444 17
1. 5.27318 18
