100 99.0814 98.1712 97.2693 96.3758 95.4904 94.6132 93.7441 92.8829 92.0297 91.1843 90.3466 89.5166 88.6943 87.8795 87.0722 86.2724 85.4798 84.6946 83.9166 83.1457 82.3819 81.6251 80.8752 80.1323 79.3962 78.6668 77.9442 77.2281 76.5187 75.8158 75.1193 74.4292 73.7455 73.068 72.3968 71.7317 71.0728 70.4199 69.773 69.132 68.497 67.8677 67.2443 66.6265 66.0145 65.4081 64.8072 64.2119 63.622 63.0375 62.4584 61.8847 61.3162 60.7529 60.1948 59.6418 59.094 58.5511 58.0132 57.4803 56.9523 56.4291 55.9107 55.3971 54.8882 54.384 53.8844 53.3894 52.8989 52.413 51.9315 51.4544 50.9818 50.5134 50.0494 49.5896 49.1341 48.6827 48.2355 47.7924 47.3533 46.9183 46.4873 46.0603 45.6372 45.2179 44.8025 44.391 43.9832 43.5791 43.1788 42.7821 42.3891 41.9997 41.6139 41.2316 40.8529 40.4776 40.1057 39.7373 39.3723 39.0106 38.6522 38.2971 37.9453 37.5967 37.2514 36.9092 36.5701 36.2342 35.9013 35.5715 35.2447 34.921 34.6002 34.2823 33.9674 33.6553 33.3462 33.0399 32.7363 32.4356 32.1376 31.8424 31.5499 31.2601 30.9729 30.6884 30.4065 30.1271 29.8504 29.5762 29.3045 29.0353 28.7685 28.5043 28.2424 27.983 27.7259 27.4712 27.2188 26.9688 26.7211 26.4756 26.2324 25.9914 25.7526 25.5161 25.2817 25.0494 24.8193 24.5913 24.3654 24.1416 23.9198 23.7001 23.4823 23.2666 23.0529 22.8411 22.6313 22.4234 22.2174 22.0133 21.8111 21.6107 21.4122 21.2155 21.0206 20.8275 20.6362 20.4466 20.2588 20.0727 19.8883 19.7056 19.5246 19.3452 19.1675 18.9914 18.8169 18.6441 18.4728 18.3031 18.135 17.9684 17.8033 17.6398 17.4777 17.3172 17.1581 17.0005 16.8443 16.6896 16.5362 16.3843 16.2338 16.0847 15.9369 15.7905 15.6455 15.5018 15.3593 15.2183 15.0785 14.9399 14.8027 14.6667 14.532 14.3985 14.2662 14.1352 14.0053 13.8766 13.7492 13.6229 13.4977 13.3737 13.2509 13.1291 13.0085 12.889 12.7706 12.6533 12.5371 12.4219 12.3078 12.1947 12.0827 11.9717 11.8617 11.7528 11.6448 11.5378 11.4318 11.3268 11.2228 11.1197 11.0175 10.9163 10.816 10.7167 10.6182 10.5207 10.424 10.3283 10.2334 10.1394 10.0463 9.95396 9.86252 9.77192 9.68215 9.59321 9.50508 9.41777 9.33125 9.24553 9.1606 9.07645 8.99307 8.91045 8.8286 8.7475 8.66714 8.58752 8.50863 8.43047 8.35302 8.27629 8.20026 8.12493 8.05029 7.97634 7.90307 7.83047 7.75853 7.68726 7.61664 7.54667 7.47735 7.40866 7.3406 7.27317 7.20635 7.14015 7.07456 7.00957 6.94518 6.88138 6.81816 6.75553 6.69347 6.63198 6.57106 6.51069 6.45088 6.39162 6.33291 6.27473 6.21709 6.15998 6.10339 6.04732 5.99177 5.93673 5.88219 5.82815 5.77462 5.72157 5.66901 5.61693 5.56533 5.51421 5.46355 5.41336 5.36363 5.31436 5.26554 5.21717 5.16924 5.12176 5.07471 5.02809 4.9819 4.93613 4.89079 4.84586 4.80134 4.75724 4.71353 4.67023 4.62733 4.58482 4.54271 4.50098 4.45963 4.41866 4.37807 4.33785 4.298 4.25852 4.2194 4.18064 4.14223 4.10418 4.06648 4.02912 3.99211 3.95544 3.9191 3.8831 3.84743 3.81208 3.77706 3.74237 3.70799 3.67392 3.64017 3.60673 3.5736 3.54077 3.50825 3.47602 3.44409 3.41245 3.3811 3.35004 3.31927 3.28877 3.25856 3.22863 3.19897 3.16958 3.14047 3.11162 3.08303 3.05471 3.02665 2.99884 2.9713 2.944 2.91696 2.89016 2.86361 2.8373 2.81124 2.78541 2.75983 2.73447 2.70935 2.68446 2.6598 2.63537 2.61116 2.58717 2.56341 2.53986 2.51653 2.49341 2.4705 2.44781 2.42532 2.40304 2.38097 2.3591 2.33742 2.31595 2.29468 2.2736 2.25271 2.23202 2.21151 2.1912 2.17107 2.15112 2.13136 2.11178 2.09238 2.07316 2.05412 2.03525 2.01655 1.99803 1.97967 1.96149 1.94347 1.92561 1.90792 1.8904 1.87303 1.85583 1.83878 1.82189 1.80515 1.78857 1.77214 1.75586 1.73973 1.72374 1.70791 1.69222 1.67668 1.66127 1.64601 1.63089 1.61591 1.60106 1.58636 1.57178 1.55734 1.54304 1.52886 1.51482 1.5009 1.48712 1.47345 1.45992 1.44651 1.43322 1.42005 1.40701 1.39408 1.38128 1.36859 1.35602 1.34356 1.33122 1.31899 1.30687 1.29486 1.28297 1.27118 1.25951 1.24794 1.23647 1.22511 1.21386 1.20271 1.19166 1.18071 1.16987 1.15912 1.14847 1.13792 1.12747 1.11711 1.10685 1.09668 1.08661 1.07662 1.06673 1.05693 1.04723 1.03761 1.02807 1.01863 1.00927 1 
0 5.32604 0.0100086 4.95134 0.0118746 0
1 5.32235 0.0100209 4.94022 0.0119255 0
2 5.31859 0.0100332 4.92887 0.011977 0
3 5.31474 0.0100455 4.91729 0.0120291 0
4 5.31081 0.0100579 4.90549 0.0120817 0
5 5.3068 0.0100703 4.89345 0.0121348 0
6 5.30269 0.0100828 4.88117 0.0121886 0
7 5.2985 0.0100954 4.86865 0.0122428 0
8 5.29421 0.0101082 4.85589 0.0122977 0
9 5.28983 0.0101211 4.84289 0.0123531 0
10 5.28535 0.0101341 4.82963 0.012409 0
11 5.28077 0.0101473 4.81611 0.0124655 0
12 5.2761 0.0101608 4.80234 0.0125224 0
13 5.27132 0.0101745 4.78831 0.0125799 0
14 5.26643 0.0101884 4.77402 0.0126379 0
15 5.26144 0.0102025 4.75945 0.0126963 0
16 5.25634 0.010217 4.74462 0.0127551 0
17 5.25112 0.0102317 4.72952 0.0128144 0
18 5.24579 0.0102468 4.71415 0.012874 0
19 5.24035 0.0102623 4.69849 0.012934 0
20 5.23478 0.010278 4.68256 0.0129942 0
21 5.2291 0.0102942 4.66635 0.0130546 0
22 5.22329 0.0103108 4.64985 0.0131153 0
23 5.21735 0.0103278 4.63308 0.013176 0
24 5.21129 0.0103452 4.61602 0.0132368 0
25 5.20509 0.0103631 4.59867 0.0132976 0
26 5.19876 0.0103814 4.58104 0.0133583 0
27 5.19229 0.0104003 4.56312 0.0134188 0
28 5.18569 0.0104196 4.54492 0.013479 0
29 5.17894 0.0104394 4.52643 0.0135389 0
30 5.17205 0.0104598 4.50766 0.0135982 0
31 5.16501 0.0104807 4.4886 0.013657 0
32 5.15782 0.0105022 4.46927 0.0137152 0
33 5.15048 0.0105242 4.44966 0.0137724 0
34 5.14298 0.0105468 4.42978 0.0138288 0
35 5.13533 0.0105699 4.40962 0.013884 0
36 5.12752 0.0105936 4.3892 0.013938 0
37 5.11955 0.0106179 4.36851 0.0139906 0
38 5.11141 0.0106428 4.34757 0.0140417 0
39 5.10311 0.0106682 4.32638 0.014091 0
40 5.09464 0.0106942 4.30495 0.0141385 0
41 5.08599 0.0107208 4.28327 0.0141839 0
42 5.07718 0.0107479 4.26137 0.0142271 0
43 5.06819 0.0107756 4.23925 0.0142678 0
44 5.05902 0.0108038 4.21692 0.0143059 0
45 5.04967 0.0108324 4.19439 0.0143412 0
46 5.04015 0.0108616 4.17167 0.0143735 0
47 5.03044 0.0108913 4.14877 0.0144025 0
48 5.02055 0.0109214 4.1257 0.0144282 0
49 5.01047 0.0109519 4.10249 0.0144502 0
50 5.00021 0.0109827 4.07913 0.0144683 0
51 4.98976 0.0110139 4.05566 0.0144825 0
52 4.97912 0.0110454 4.03207 0.0144924 0
53 4.9683 0.0110771 4.0084 0.014498 0
54 4.95729 0.011109 3.98464 0.0144989 0
55 4.9461 0.0111411 3.96084 0.014495 0
56 4.93471 0.0111733 3.93699 0.0144862 0
57 4.92314 0.0112054 3.91312 0.0144723 0
58 4.91139 0.0112376 3.88926 0.0144531 0
59 4.89944 0.0112696 3.86541 0.0144285 0
60 4.88732 0.0113014 3.8416 0.0143984 0
61 4.87502 0.011333 3.81785 0.0143626 0
62 4.86253 0.0113643 3.79419 0.0143211 0
63 4.84987 0.0113952 3.77063 0.0142739 0
64 4.83703 0.0114256 3.74719 0.0142208 0
65 4.82403 0.0114553 3.7239 0.0141618 0
66 4.81085 0.0114845 3.70077 0.014097 0
67 4.79752 0.0115129 3.67784 0.0140262 0
68 4.78402 0.0115404 3.65512 0.0139497 0
69 4.77037 0.011567 3.63263 0.0138674 0
70 4.75657 0.0115926 3.61039 0.0137793 0
71 4.74262 0.0116171 3.58843 0.0136857 0
72 4.72853 0.0116404 3.56677 0.0135867 0
73 4.71431 0.0116625 3.54542 0.0134823 0
74 4.69997 0.0116831 3.5244 0.0133728 0
75 4.6855 0.0117024 3.50374 0.0132584 0
76 4.67092 0.0117201 3.48344 0.0131393 0
77 4.65623 0.0117362 3.46354 0.0130158 0
78 4.64144 0.0117506 3.44403 0.012888 0
79 4.62657 0.0117634 3.42494 0.0127563 0
80 4.6116 0.0117743 3.40628 0.0126209 0
81 4.59656 0.0117834 3.38807 0.0124822 0
82 4.58146 0.0117906 3.37031 0.0123405 0
83 4.56629 0.0117959 3.35302 0.012196 0
84 4.55108 0.0117992 3.3362 0.0120492 0
85 4.53582 0.0118006 3.31986 0.0119003 0
86 4.52053 0.0117999 3.30401 0.0117498 0
87 4.50522 0.0117972 3.28866 0.0115978 0
88 4.48989 0.0117924 3.27381 0.0114449 0
89 4.47455 0.0117857 3.25946 0.0112912 0
90 4.45921 0.0117769 3.24561 0.0111371 0
91 4.44389 0.0117661 3.23227 0.010983 0
92 4.42858 0.0117533 3.21944 0.0108292 0
93 4.4133 0.0117386 3.20711 0.0106759 0
94 4.39805 0.0117219 3.19528 0.0105234 0
95 4.38285 0.0117034 3.18395 0.0103721 0
96 4.3677 0.0116831 3.17311 0.0102222 0
97 4.35261 0.0116609 3.16277 0.0100739 0
98 4.33759 0.0116371 3.1529 0.00992744 0
99 4.32264 0.0116116 3.14351 0.00978309 0
100 4.30777 0.0115845 3.1346 0.00964103 0
101 4.29299 0.0115558 3.12614 0.00950143 0
102 4.2783 0.0115258 3.11813 0.00936447 0
103 4.26371 0.0114943 3.11057 0.00923031 0
104 4.24923 0.0114616 3.10345 0.00909907 0
105 4.23486 0.0114276 3.09674 0.00897087 0
106 4.22061 0.0113925 3.09045 0.00884582 0
107 4.20647 0.0113563 3.08456 0.00872402 0
108 4.19247 0.0113191 3.07907 0.00860552 0
109 4.17859 0.0112811 3.07395 0.00849041 0
110 4.16485 0.0112422 3.06921 0.00837871 0
111 4.15125 0.0112026 3.06482 0.00827047 0
112 4.13779 0.0111623 3.06078 0.00816572 0
113 4.12448 0.0111215 3.05707 0.00806446 0
114 4.11131 0.0110801 3.05369 0.0079667 0
115 4.09829 0.0110383 3.05062 0.00787244 0
116 4.08543 0.0109961 3.04785 0.00778165 0
117 4.07272 0.0109537 3.04537 0.00769431 0
118 4.06017 0.010911 3.04317 0.0076104 0
119 4.04777 0.0108682 3.04124 0.00752987 0
120 4.03554 0.0108252 3.03956 0.00745268 0
121 4.02346 0.0107823 3.03813 0.0073788 0
122 4.01155 0.0107393 3.03694 0.00730815 0
123 3.9998 0.0106964 3.03597 0.00724069 0
124 3.98821 0.0106537 3.03522 0.00717636 0
125 3.97678 0.0106111 3.03468 0.00711509 0
126 3.96551 0.0105688 3.03433 0.00705682 0
127 3.95441 0.0105267 3.03417 0.00700148 0
128 3.94347 0.0104849 3.03419 0.00694901 0
129 3.93269 0.0104435 3.03438 0.00689932 0
130 3.92207 0.0104025 3.03473 0.00685236 0
131 3.91162 0.0103618 3.03523 0.00680804 0
132 3.90132 0.0103217 3.03588 0.0067663 0
133 3.89118 0.010282 3.03667 0.00672706 0
134 3.8812 0.0102428 3.03759 0.00669026 0
135 3.87138 0.0102041 3.03863 0.00665581 0
136 3.86171 0.010166 3.03979 0.00662366 0
137 3.8522 0.0101285 3.04106 0.00659373 0
138 3.84283 0.0100916 3.04243 0.00656594 0
139 3.83363 0.0100552 3.0439 0.00654024 0
140 3.82457 0.0100195 3.04546 0.00651655 0
141 3.81566 0.00998443 3.0471 0.00649481 0
142 3.8069 0.00995 3.04883 0.00647496 0
143 3.79828 0.00991622 3.05063 0.00645692 0
144 3.7898 0.00988311 3.0525 0.00644065 0
145 3.78147 0.00985067 3.05444 0.00642607 0
146 3.77328 0.00981891 3.05644 0.00641313 0
147 3.76523 0.00978783 3.05849 0.00640177 0
148 3.75732 0.00975743 3.0606 0.00639193 0
149 3.74954 0.00972772 3.06276 0.00638356 0
150 3.74189 0.0096987 3.06496 0.00637661 0
151 3.73437 0.00967036 3.0672 0.00637103 0
152 3.72699 0.00964271 3.06947 0.00636675 0
153 3.71973 0.00961575 3.07178 0.00636374 0
154 3.7126 0.00958947 3.07412 0.00636195 0
155 3.70559 0.00956386 3.07649 0.00636133 0
156 3.6987 0.00953893 3.07889 0.00636183 0
157 3.69194 0.00951467 3.0813 0.00636342 0
158 3.68529 0.00949108 3.08374 0.00636604 0
159 3.67876 0.00946814 3.08619 0.00636967 0
160 3.67235 0.00944585 3.08865 0.00637425 0
161 3.66605 0.00942421 3.09113 0.00637975 0
162 3.65986 0.0094032 3.09362 0.00638614 0
163 3.65378 0.00938282 3.09611 0.00639337 0
164 3.64781 0.00936306 3.09861 0.00640142 0
165 3.64194 0.00934391 3.10112 0.00641024 0
166 3.63618 0.00932536 3.10363 0.0064198 0
167 3.63052 0.0093074 3.10614 0.00643008 0
168 3.62496 0.00929002 3.10864 0.00644104 0
169 3.6195 0.00927321 3.11115 0.00645265 0
170 3.61414 0.00925697 3.11365 0.00646488 0
171 3.60888 0.00924127 3.11615 0.0064777 0
172 3.60371 0.00922612 3.11864 0.00649108 0
173 3.59863 0.00921149 3.12112 0.00650501 0
174 3.59364 0.00919737 3.1236 0.00651944 0
175 3.58875 0.00918377 3.12606 0.00653436 0
176 3.58394 0.00917065 3.12852 0.00654974 0
177 3.57922 0.00915802 3.13096 0.00656556 0
178 3.57458 0.00914586 3.13339 0.00658179 0
179 3.57003 0.00913415 3.13581 0.00659841 0
180 3.56556 0.00912289 3.13821 0.0066154 0
181 3.56117 0.00911206 3.1406 0.00663273 0
182 3.55686 0.00910165 3.14298 0.00665039 0
183 3.55263 0.00909166 3.14534 0.00666836 0
184 3.54847 0.00908206 3.14768 0.0066866 0
185 3.54439 0.00907284 3.15 0.00670511 0
186 3.54038 0.00906399 3.15231 0.00672387 0
187 3.53645 0.0090555 3.1546 0.00674285 0
188 3.53259 0.00904736 3.15688 0.00676204 0
189 3.5288 0.00903956 3.15913 0.00678142 0
190 3.52507 0.00903207 3.16136 0.00680097 0
190 5.49623 0.0104075 4.89225 0.0337655 1
191 3.52142 0.0090249 3.16358 0.00682068 0
191 5.48958 0.0107029 4.80978 0.0336944 1
192 3.51783 0.00901802 3.16578 0.00684052 0
192 5.48203 0.0110038 4.72733 0.03365 1
193 3.5143 0.00901142 3.16795 0.00686048 0
193 5.47356 0.0113106 4.64488 0.0336206 1
194 3.51084 0.0090051 3.17011 0.00688055 0
194 5.46414 0.0116236 4.56243 0.0335944 1
195 3.50745 0.00899903 3.17224 0.00690071 0
195 5.45376 0.0119429 4.48002 0.0335601 1
196 3.50411 0.00899321 3.17436 0.00692094 0
196 5.44241 0.0122685 4.39772 0.0335065 1
197 3.50084 0.00898763 3.17645 0.00694123 0
197 5.43005 0.0126001 4.31564 0.033423 1
198 3.49762 0.00898227 3.17853 0.00696156 0
198 5.41668 0.0129374 4.23393 0.0332993 1
199 3.49447 0.00897712 3.18058 0.00698192 0
199 5.40228 0.0132797 4.15275 0.0331262 1
200 3.49137 0.00897217 3.18261 0.0070023 0
200 5.38684 0.0136261 4.0723 0.0328955 1
201 3.48833 0.00896741 3.18462 0.00702267 0
201 5.37036 0.0139756 3.9928 0.0325996 1
202 3.48534 0.00896282 3.18661 0.00704303 0
202 5.35282 0.0143268 3.91448 0.0322331 1
203 3.48241 0.00895839 3.18858 0.00706336 0
203 5.33424 0.0146781 3.83759 0.031792 1
204 3.47953 0.00895411 3.19053 0.00708365 0
204 5.31462 0.0150278 3.76239 0.0312741 1
205 3.47671 0.00894997 3.19246 0.00710389 0
205 5.29397 0.0153739 3.68911 0.0306791 1
206 3.47393 0.00894596 3.19436 0.00712406 0
206 5.27232 0.015714 3.61801 0.0300087 1
207 3.47121 0.00894206 3.19624 0.00714415 0
207 5.2497 0.0160461 3.54932 0.0292666 1
208 3.46854 0.00893827 3.19811 0.00716414 0
208 5.22613 0.0163677 3.48326 0.0284583 1
209 3.46591 0.00893457 3.19995 0.00718403 0
209 5.20166 0.0166764 3.42001 0.0275907 1
210 3.46333 0.00893096 3.20177 0.00720381 0
210 5.17635 0.0169699 3.35973 0.0266723 1
211 3.46081 0.00892741 3.20357 0.00722346 0
211 5.15025 0.017246 3.30256 0.0257125 1
212 3.45832 0.00892393 3.20535 0.00724296 0
212 5.12342 0.0175027 3.24859 0.0247212 1
213 3.45588 0.00892049 3.2071 0.00726232 0
213 5.09593 0.0177383 3.1979 0.0237088 1
214 3.45349 0.00891709 3.20884 0.00728151 0
214 5.06786 0.0179513 3.1505 0.0226856 1
215 3.45114 0.00891372 3.21055 0.00730053 0
215 5.03927 0.0181404 3.10639 0.0216613 1
216 3.44884 0.00891037 3.21225 0.00731937 0
216 5.01025 0.018305 3.06555 0.0206452 1
217 3.44657 0.00890703 3.21392 0.00733801 0
217 4.98088 0.0184446 3.02792 0.0196456 1
218 3.44435 0.00890368 3.21558 0.00735645 0
218 4.95123 0.018559 2.99341 0.0186698 1
219 3.44217 0.00890032 3.21721 0.00737467 0
219 4.92139 0.0186486 2.96192 0.017724 1
220 3.44003 0.00889694 3.21882 0.00739267 0
220 4.89142 0.0187138 2.93333 0.0168134 1
221 3.43793 0.00889352 3.22042 0.00741043 0
221 4.8614 0.0187554 2.90751 0.0159418 1
222 3.43587 0.00889007 3.22199 0.00742795 0
222 4.8314 0.0187745 2.88433 0.0151123 1
223 3.43384 0.00888656 3.22354 0.00744522 0
223 4.80148 0.0187722 2.86363 0.0143267 1
224 3.43185 0.008883 3.22508 0.00746223 0
224 4.7717 0.01875 2.84526 0.0135862 1
225 3.4299 0.00887936 3.22659 0.00747897 0
225 4.74212 0.0187091 2.82909 0.0128911 1
226 3.42799 0.00887565 3.22809 0.00749543 0
226 4.71279 0.0186512 2.81495 0.0122411 1
227 3.42611 0.00887186 3.22956 0.0075116 0
227 4.68375 0.0185776 2.80271 0.0116354 1
228 3.42426 0.00886797 3.23102 0.00752748 0
228 4.65504 0.01849 2.79223 0.0110728 1
229 3.42245 0.00886397 3.23245 0.00754306 0
229 4.6267 0.0183899 2.78337 0.0105518 1
230 3.42067 0.00885987 3.23387 0.00755833 0
230 4.59875 0.0182785 2.776 0.0100705 1
231 3.41893 0.00885565 3.23527 0.00757328 0
231 4.57123 0.0181573 2.77001 0.00962703 1
232 3.41721 0.00885131 3.23665 0.0075879 0
232 4.54415 0.0180276 2.76527 0.00921936 1
233 3.41553 0.00884683 3.23802 0.0076022 0
233 4.51754 0.0178906 2.76169 0.00884542 1
234 3.41388 0.00884222 3.23936 0.00761616 0
234 4.4914 0.0177473 2.75916 0.00850311 1
235 3.41226 0.00883745 3.24069 0.00762977 0
235 4.46575 0.0175989 2.7576 0.00819038 1
236 3.41067 0.00883254 3.242 0.00764304 0
236 4.44059 0.0174462 2.7569 0.00790523 1
237 3.40911 0.00882747 3.24329 0.00765595 0
237 4.41594 0.0172902 2.757 0.00764572 1
238 3.40758 0.00882223 3.24456 0.0076685 0
238 4.39179 0.0171315 2.75782 0.00741 1
239 3.40608 0.00881682 3.24582 0.00768068 0
239 4.36816 0.0169709 2.75928 0.0071963 1
240 3.40461 0.00881123 3.24706 0.00769249 0
240 4.34503 0.016809 2.76134 0.00700295 1
241 3.40316 0.00880547 3.24828 0.00770393 0
241 4.3224 0.0166464 2.76393 0.0068284 1
242 3.40174 0.00879951 3.24949 0.00771498 0
242 4.30028 0.0164834 2.76699 0.00667116 1
243 3.40034 0.00879336 3.25068 0.00772565 0
243 4.27865 0.0163207 2.77048 0.00652986 1
244 3.39897 0.00878702 3.25185 0.00773594 0
244 4.25752 0.0161585 2.77436 0.00640323 1
245 3.39763 0.00878047 3.25301 0.00774583 0
245 4.23688 0.0159972 2.77858 0.00629007 1
246 3.39631 0.00877372 3.25415 0.00775532 0
246 4.21671 0.015837 2.78311 0.00618929 1
247 3.39502 0.00876676 3.25528 0.00776442 0
247 4.19701 0.0156782 2.78791 0.00609985 1
248 3.39375 0.00875959 3.25639 0.00777311 0
248 4.17778 0.015521 2.79294 0.00602082 1
249 3.3925 0.0087522 3.25748 0.0077814 0
249 4.159 0.0153655 2.7982 0.00595133 1
250 3.39128 0.00874459 3.25856 0.00778928 0
250 4.14067 0.015212 2.80363 0.00589056 1
251 3.39008 0.00873676 3.25962 0.00779675 0
251 4.12277 0.0150605 2.80923 0.00583777 1
252 3.3889 0.00872871 3.26067 0.00780382 0
252 4.1053 0.0149112 2.81497 0.00579228 1
253 3.38775 0.00872042 3.26171 0.00781047 0
253 4.08825 0.014764 2.82083 0.00575345 1
254 3.38661 0.00871191 3.26272 0.0078167 0
254 4.07161 0.0146192 2.82679 0.00572072 1
255 3.3855 0.00870316 3.26373 0.00782253 0
255 4.05537 0.0144766 2.83283 0.00569353 1
256 3.38441 0.00869418 3.26472 0.00782793 0
256 4.03951 0.0143364 2.83895 0.0056714 1
257 3.38334 0.00868497 3.2657 0.00783292 0
257 4.02404 0.0141986 2.84512 0.00565387 1
258 3.38228 0.00867552 3.26666 0.0078375 0
258 4.00894 0.0140631 2.85133 0.00564053 1
259 3.38125 0.00866583 3.26761 0.00784166 0
259 3.9942 0.01393 2.85758 0.00563099 1
260 3.38024 0.00865591 3.26854 0.0078454 0
260 3.97982 0.0137993 2.86385 0.0056249 1
261 3.37925 0.00864575 3.26946 0.00784873 0
261 3.96577 0.0136709 2.87013 0.00562194 1
262 3.37827 0.00863535 3.27037 0.00785165 0
262 3.95207 0.0135449 2.87642 0.00562179 1
262 5.49785 0.0131935 4.4429 0.0760129 2
263 3.37731 0.00862471 3.27127 0.00785415 0
263 3.93869 0.0134211 2.8827 0.0056242 1
263 5.48461 0.0140649 4.25333 0.0696179 2
264 3.37637 0.00861384 3.27215 0.00785624 0
264 3.92563 0.0132997 2.88897 0.00562889 1
264 5.4688 0.0149053 4.08018 0.0642444 2
265 3.37545 0.00860272 3.27302 0.00785792 0
265 3.91288 0.0131805 2.89522 0.00563565 1
265 5.45052 0.0157152 3.92123 0.0595482 2
266 3.37455 0.00859137 3.27388 0.00785919 0
266 3.90043 0.0130635 2.90145 0.00564425 1
266 5.42984 0.0164925 3.775 0.0553038 2
267 3.37366 0.00857979 3.27472 0.00786006 0
267 3.88828 0.0129487 2.90766 0.00565449 1
267 5.40688 0.0172332 3.64053 0.0513665 2
268 3.37279 0.00856797 3.27555 0.00786052 0
268 3.87641 0.012836 2.91382 0.0056662 1
268 5.38173 0.017932 3.51716 0.0476484 2
269 3.37194 0.00855592 3.27638 0.00786058 0
269 3.86482 0.0127254 2.91995 0.00567921 1
269 5.35454 0.0185832 3.40439 0.0441017 2
270 3.3711 0.00854364 3.27718 0.00786024 0
270 3.85351 0.0126169 2.92604 0.00569335 1
270 5.32545 0.0191805 3.30181 0.0407056 2
271 3.37028 0.00853113 3.27798 0.00785951 0
271 3.84246 0.0125104 2.93208 0.00570849 1
271 5.29464 0.0197186 3.20901 0.0374573 2
272 3.36947 0.0085184 3.27876 0.00785839 0
272 3.83167 0.0124059 2.93808 0.0057245 1
272 5.26229 0.0201928 3.12557 0.034364 2
273 3.36868 0.00850544 3.27954 0.00785688 0
273 3.82112 0.0123033 2.94402 0.00574126 1
273 5.22861 0.0205999 3.05103 0.0314376 2
274 3.3679 0.00849226 3.2803 0.00785498 0
274 3.81083 0.0122026 2.94991 0.00575865 1
274 5.19378 0.0209382 2.98487 0.02869 2
275 3.36714 0.00847886 3.28105 0.00785271 0
275 3.80077 0.0121037 2.95575 0.00577657 1
275 5.15803 0.0212076 2.92655 0.0261306 2
276 3.36639 0.00846524 3.28179 0.00785006 0
276 3.79094 0.0120067 2.96152 0.00579494 1
276 5.12156 0.0214096 2.87549 0.0237657 2
277 3.36566 0.00845142 3.28252 0.00784703 0
277 3.78134 0.0119114 2.96724 0.00581365 1
277 5.08457 0.0215469 2.83113 0.0215966 2
278 3.36494 0.00843738 3.28324 0.00784364 0
278 3.77196 0.0118178 2.9729 0.00583265 1
278 5.04723 0.0216233 2.79285 0.0196207 2
279 3.36423 0.00842314 3.28394 0.00783989 0
279 3.76279 0.011726 2.97849 0.00585184 1
279 5.00973 0.0216437 2.76011 0.0178318 2
280 3.36354 0.00840869 3.28464 0.00783578 0
280 3.75383 0.0116357 2.98402 0.00587117 1
280 4.97222 0.0216131 2.73235 0.0162209 2
281 3.36286 0.00839405 3.28533 0.00783132 0
281 3.74508 0.0115471 2.98949 0.00589057 1
281 4.93485 0.0215371 2.70906 0.0147772 2
282 3.36219 0.00837921 3.286 0.00782651 0
282 3.73652 0.01146 2.99489 0.00591 1
282 4.89773 0.0214211 2.68975 0.0134884 2
283 3.36154 0.00836419 3.28667 0.00782137 0
283 3.72816 0.0113745 3.00022 0.00592939 1
283 4.86097 0.0212705 2.67399 0.0123418 2
284 3.36089 0.00834898 3.28732 0.00781589 0
284 3.71999 0.0112905 3.00549 0.0059487 1
284 4.82467 0.0210904 2.66138 0.0113249 2
285 3.36026 0.00833359 3.28797 0.00781007 0
285 3.71199 0.0112079 3.0107 0.00596789 1
285 4.7889 0.0208856 2.65154 0.010425 2
286 3.35965 0.00831803 3.28861 0.00780394 0
286 3.70418 0.0111267 3.01583 0.00598693 1
286 4.75373 0.0206604 2.64415 0.00963056 2
287 3.35904 0.00830229 3.28923 0.00779749 0
287 3.69654 0.0110469 3.0209 0.00600576 1
287 4.7192 0.0204187 2.63892 0.00893037 2
288 3.35844 0.00828639 3.28985 0.00779073 0
288 3.68907 0.0109685 3.0259 0.00602438 1
288 4.68536 0.020164 2.63558 0.00831433 2
289 3.35786 0.00827033 3.29046 0.00778367 0
289 3.68177 0.0108914 3.03083 0.00604274 1
289 4.65223 0.0198994 2.63391 0.00777314 2
290 3.35729 0.00825411 3.29106 0.00777631 0
290 3.67462 0.0108157 3.0357 0.00606082 1
290 4.61984 0.0196275 2.63369 0.00729841 2
291 3.35673 0.00823775 3.29165 0.00776866 0
291 3.66764 0.0107411 3.0405 0.00607859 1
291 4.58819 0.0193508 2.63474 0.0068826 2
292 3.35618 0.00822124 3.29223 0.00776072 0
292 3.66081 0.0106678 3.04523 0.00609605 1
292 4.55731 0.0190711 2.63691 0.00651894 2
293 3.35563 0.00820459 3.2928 0.00775252 0
293 3.65412 0.0105958 3.0499 0.00611316 1
293 4.52719 0.0187901 2.64004 0.00620144 2
294 3.3551 0.00818781 3.29336 0.00774404 0
294 3.64759 0.0105249 3.05449 0.00612991 1
294 4.49783 0.0185094 2.64402 0.00592475 2
295 3.35458 0.0081709 3.29392 0.0077353 0
295 3.64119 0.0104551 3.05903 0.0061463 1
295 4.46923 0.01823 2.64873 0.00568414 2
296 3.35407 0.00815388 3.29447 0.00772631 0
296 3.63493 0.0103865 3.06349 0.0061623 1
296 4.44138 0.0179529 2.65407 0.00547542 2
297 3.35357 0.00813674 3.295 0.00771707 0
297 3.62881 0.010319 3.06789 0.0061779 1
297 4.41426 0.017679 2.65996 0.00529491 2
298 3.35308 0.00811949 3.29553 0.0077076 0
298 3.62282 0.0102526 3.07223 0.00619311 1
298 4.38787 0.0174089 2.66632 0.00513932 2
299 3.3526 0.00810214 3.29606 0.00769789 0
299 3.61696 0.0101873 3.0765 0.0062079 1
299 4.3622 0.0171431 2.67308 0.00500577 2
300 3.35213 0.00808469 3.29657 0.00768796 0
300 3.61123 0.0101229 3.08071 0.00622228 1
300 4.33722 0.0168821 2.68018 0.00489171 2
301 3.35166 0.00806716 3.29708 0.00767782 0
301 3.60562 0.0100596 3.08486 0.00623624 1
301 4.31292 0.0166261 2.68758 0.0047949 2
302 3.35121 0.00804954 3.29757 0.00766747 0
302 3.60013 0.00999733 3.08894 0.00624978 1
302 4.28929 0.0163755 2.69522 0.00471334 2
303 3.35076 0.00803185 3.29807 0.00765692 0
303 3.59475 0.009936 3.09296 0.00626289 1
303 4.2663 0.0161303 2.70305 0.00464527 2
304 3.35032 0.00801409 3.29855 0.00764618 0
304 3.58949 0.00987564 3.09692 0.00627557 1
304 4.24395 0.0158907 2.71106 0.00458914 2
305 3.34989 0.00799627 3.29902 0.00763526 0
305 3.58434 0.00981621 3.10081 0.00628783 1
305 4.22221 0.0156568 2.7192 0.00454358 2
305 5.49659 0.0144507 4.06356 0.102038 3
306 3.34947 0.00797839 3.29949 0.00762416 0
306 3.5793 0.0097577 3.10465 0.00629966 1
306 4.20107 0.0154286 2.72744 0.00450736 2
306 5.47661 0.0158317 3.80236 0.0839767 3
307 3.34906 0.00796046 3.29995 0.0076129 0
307 3.57436 0.0097001 3.10843 0.00631107 1
307 4.18051 0.015206 2.73576 0.0044794 2
307 5.45249 0.0170576 3.5873 0.070759 3
308 3.34865 0.00794249 3.30041 0.00760148 0
308 3.56953 0.00964339 3.11214 0.00632205 1
308 4.16051 0.0149891 2.74413 0.00445874 2
308 5.42468 0.01814 3.40737 0.0604592 3
309 3.34826 0.00792448 3.30086 0.00758991 0
309 3.5648 0.00958756 3.1158 0.00633262 1
309 4.14106 0.0147777 2.75254 0.00444453 2
309 5.39361 0.0190828 3.25564 0.0520673 3
310 3.34787 0.00790645 3.3013 0.0075782 0
310 3.56017 0.00953258 3.11941 0.00634277 1
310 4.12213 0.0145719 2.76097 0.00443601 2
310 5.35971 0.0198872 3.12737 0.0450287 3
311 3.34748 0.00788839 3.30173 0.00756635 0
311 3.55563 0.00947845 3.12295 0.00635251 1
311 4.10373 0.0143715 2.7694 0.00443251 2
311 5.32341 0.0205545 3.01905 0.0390249 3
312 3.34711 0.00787032 3.30216 0.00755438 0
312 3.55119 0.00942514 3.12644 0.00636185 1
312 4.08581 0.0141764 2.77782 0.00443343 2
312 5.28513 0.0210882 2.92789 0.0338611 3
313 3.34674 0.00785224 3.30258 0.00754229 0
313 3.54684 0.00937266 3.12988 0.00637078 1
313 4.06839 0.0139865 2.78622 0.00443824 2
313 5.24528 0.0214939 2.85155 0.0294074 3
314 3.34638 0.00783416 3.30299 0.0075301 0
314 3.54259 0.00932097 3.13325 0.00637932 1
314 4.05143 0.0138018 2.79458 0.00444645 2
314 5.20425 0.0217801 2.788 0.0255678 3
315 3.34602 0.00781608 3.3034 0.00751781 0
315 3.53842 0.00927008 3.13658 0.00638748 1
315 4.03492 0.013622 2.8029 0.00445765 2
315 5.16241 0.021957 2.73548 0.0222641 3
316 3.34568 0.00779802 3.3038 0.00750542 0
316 3.53433 0.00921997 3.13985 0.00639525 1
316 4.01885 0.013447 2.81117 0.00447146 2
316 5.12009 0.0220364 2.69245 0.0194289 3
317 3.34534 0.00777998 3.30419 0.00749295 0
317 3.53033 0.00917063 3.14307 0.00640265 1
317 4.00321 0.0132768 2.81938 0.00448753 2
317 5.07756 0.0220305 2.65754 0.0170018 3
318 3.345 0.00776196 3.30458 0.00748041 0
318 3.52641 0.00912204 3.14623 0.00640969 1
318 3.98798 0.0131112 2.82752 0.00450557 2
318 5.03509 0.0219515 2.62957 0.0149287 3
319 3.34467 0.00774398 3.30496 0.0074678 0
319 3.52258 0.0090742 3.14935 0.00641637 1
319 3.97316 0.0129501 2.83559 0.00452531 2
319 4.99287 0.021811 2.60753 0.0131613 3
320 3.34435 0.00772604 3.30534 0.00745513 0
320 3.51882 0.00902709 3.15241 0.0064227 1
320 3.95872 0.0127934 2.84359 0.00454651 2
320 4.9511 0.0216199 2.59053 0.0116565 3
321 3.34404 0.00770814 3.30571 0.00744242 0
321 3.51513 0.00898071 3.15543 0.00642869 1
321 3.94465 0.0126409 2.8515 0.00456895 2
321 4.9099 0.0213879 2.57781 0.0103767 3
322 3.34373 0.0076903 3.30607 0.00742966 0
322 3.51153 0.00893505 3.15839 0.00643434 1
322 3.93095 0.0124925 2.85933 0.00459244 2
322 4.8694 0.0211234 2.56874 0.00928886 3
323 3.34342 0.00767252 3.30643 0.00741686 0
323 3.50799 0.0088901 3.16131 0.00643968 1
323 3.9176 0.0123481 2.86707 0.00461681 2
323 4.82968 0.020834 2.56275 0.00836477 3
324 3.34313 0.0076548 3.30679 0.00740405 0
324 3.50453 0.00884584 3.16418 0.0064447 1
324 3.9046 0.0122075 2.87473 0.0046419 2
324 4.7908 0.0205261 2.55939 0.0075801 3
325 3.34284 0.00763716 3.30713 0.00739121 0
325 3.50114 0.00880228 3.167 0.00644942 1
325 3.89192 0.0120708 2.88228 0.00466759 2
325 4.75283 0.0202048 2.55826 0.00691414 3
326 3.34255 0.0076196 3.30748 0.00737836 0
326 3.49781 0.0087594 3.16978 0.00645384 1
326 3.87957 0.0119377 2.88975 0.00469374 2
326 4.71579 0.0198749 2.559 0.00634924 3
327 3.34227 0.00760213 3.30781 0.00736552 0
327 3.49455 0.00871719 3.17251 0.00645798 1
327 3.86753 0.0118081 2.89712 0.00472025 2
327 4.67971 0.0195399 2.56135 0.00587047 3
328 3.34199 0.00758475 3.30815 0.00735268 0
328 3.49136 0.00867565 3.17519 0.00646185 1
328 3.85579 0.011682 2.90439 0.00474703 2
328 4.64458 0.0192028 2.56504 0.00546513 3
329 3.34172 0.00756747 3.30847 0.00733985 0
329 3.48823 0.00863477 3.17783 0.00646545 1
329 3.84434 0.0115592 2.91157 0.00477398 2
329 4.61042 0.0188662 2.56988 0.00512251 3
330 3.34146 0.00755029 3.30879 0.00732704 0
330 3.48517 0.00859454 3.18043 0.00646879 1
330 3.83318 0.0114397 2.91864 0.00480104 2
330 4.57722 0.018532 2.57568 0.0048335 3
331 3.3412 0.00753323 3.30911 0.00731427 0
331 3.48217 0.00855496 3.18298 0.00647189 1
331 3.8223 0.0113233 2.92562 0.00482812 2
331 4.54497 0.0182017 2.58229 0.0045904 3
332 3.34095 0.00751629 3.30942 0.00730153 0
332 3.47922 0.00851602 3.18549 0.00647476 1
332 3.81169 0.01121 2.9325 0.00485519 2
332 4.51366 0.0178767 2.58958 0.00438666 3
333 3.3407 0.00749947 3.30973 0.00728884 0
333 3.47634 0.00847772 3.18796 0.0064774 1
333 3.80133 0.0110996 2.93927 0.00488218 2
333 4.48327 0.0175577 2.59743 0.00421672 3
334 3.34045 0.00748278 3.31003 0.0072762 0
334 3.47351 0.00844004 3.19039 0.00647982 1
334 3.79123 0.0109921 2.94595 0.00490904 2
334 4.45377 0.0172456 2.60576 0.00407586 3
335 3.34021 0.00746623 3.31033 0.00726362 0
335 3.47074 0.00840298 3.19277 0.00648204 1
335 3.78137 0.0108874 2.95253 0.00493574 2
335 4.42515 0.0169408 2.61447 0.00396002 3
336 3.33998 0.00744982 3.31062 0.0072511 0
336 3.46803 0.00836655 3.19512 0.00648407 1
336 3.77175 0.0107854 2.95901 0.00496224 2
336 4.39738 0.0166438 2.6235 0.00386577 3
336 5.48745 0.0158234 3.66633 0.103345 4
337 3.33974 0.00743357 3.31091 0.00723866 0
337 3.46536 0.00833072 3.19743 0.00648592 1
337 3.76236 0.0106861 2.96539 0.00498851 2
337 4.37044 0.0163547 2.63278 0.00379014 3
337 5.4596 0.0174556 3.39658 0.0780241 4
338 3.33952 0.00741747 3.31119 0.0072263 0
338 3.46276 0.0082955 3.1997 0.00648758 1
338 3.7532 0.0105893 2.97167 0.00501453 2
338 4.34431 0.0160738 2.64226 0.00373061 3
338 5.42682 0.0187751 3.19264 0.0612752 4
339 3.3393 0.00740152 3.31147 0.00721403 0
339 3.4602 0.00826088 3.20193 0.00648909 1
339 3.74425 0.010495 2.97786 0.00504027 2
339 4.31895 0.0158009 2.6519 0.00368499 3
339 5.39004 0.0198261 3.03441 0.0492496 4
340 3.33908 0.00738575 3.31175 0.00720185 0
340 3.45769 0.00822686 3.20412 0.00649044 1
340 3.73552 0.0104031 2.98395 0.00506572 2
340 4.29436 0.0155362 2.66166 0.00365141 3
340 5.35009 0.0206388 2.91009 0.040157 4
341 3.33887 0.00737015 3.31202 0.00718978 0
341 3.45523 0.00819344 3.20628 0.00649165 1
341 3.727 0.0103136 2.98994 0.00509085 2
341 4.27049 0.0152796 2.67149 0.00362826 3
341 5.30771 0.0212389 2.81193 0.0330634 4
342 3.33866 0.00735472 3.31228 0.00717781 0
342 3.45282 0.0081606 3.2084 0.00649272 1
342 3.71867 0.0102264 2.99583 0.00511566 2
342 4.24733 0.0150309 2.68138 0.00361413 3
342 5.26358 0.0216516 2.73444 0.0274262 4
343 3.33845 0.00733948 3.31254 0.00716596 0
343 3.45046 0.00812834 3.21048 0.00649367 1
343 3.71054 0.0101414 3.00164 0.00514014 2
343 4.22486 0.0147901 2.69129 0.00360781 3
343 5.21827 0.0219019 2.67349 0.0228979 4
344 3.33825 0.00732443 3.3128 0.00715424 0
344 3.44815 0.00809667 3.21253 0.00649451 1
344 3.7026 0.0100585 3.00734 0.00516427 2
344 4.20304 0.0145569 2.7012 0.00360825 3
344 5.17228 0.0220141 2.62588 0.0192364 4
345 3.33805 0.00730957 3.31306 0.00714264 0
345 3.44588 0.00806557 3.21454 0.00649524 1
345 3.69484 0.0099778 3.01296 0.00518806 2
345 4.18187 0.0143312 2.71109 0.00361453 3
345 5.12605 0.0220114 2.5891 0.0162633 4
346 3.33786 0.00729491 3.31331 0.00713117 0
346 3.44365 0.00803504 3.21652 0.00649588 1
346 3.68727 0.00989912 3.01848 0.00521149 2
346 4.16131 0.0141127 2.72095 0.00362587 3
346 5.07991 0.0219151 2.5611 0.0138414 4
347 3.33767 0.00728046 3.31355 0.00711985 0
347 3.44147 0.00800508 3.21847 0.00649643 1
347 3.67986 0.00982243 3.02392 0.00523457 2
347 4.14134 0.0139014 2.73077 0.00364157 3
347 5.03414 0.0217439 2.54028 0.0118636 4
348 3.33749 0.00726621 3.31379 0.00710867 0
348 3.43933 0.00797568 3.22039 0.00649691 1
348 3.67263 0.0097477 3.02926 0.0052573 2
348 4.12196 0.013697 2.74052 0.00366102 3
348 4.98897 0.0215141 2.52533 0.0102448 4
349 3.3373 0.00725218 3.31403 0.00709765 0
349 3.43724 0.00794685 3.22227 0.00649732 1
349 3.66556 0.00967486 3.03452 0.00527967 2
349 4.10313 0.0134992 2.7502 0.00368371 3
349 4.94457 0.0212395 2.51517 0.00891712 4
350 3.33713 0.00723836 3.31427 0.00708678 0
350 3.43518 0.00791858 3.22412 0.00649767 1
350 3.65866 0.00960387 3.03968 0.00530169 2
350 4.08483 0.0133079 2.75979 0.00370915 3
350 4.90107 0.0209316 2.50894 0.00782629 4
351 3.33695 0.00722477 3.3145 0.00707608 0
351 3.43316 0.00789085 3.22593 0.00649798 1
351 3.65191 0.00953468 3.04477 0.00532336 2
351 4.06705 0.0131228 2.7693 0.00373696 3
351 4.85855 0.0206 2.50595 0.00692875 4
352 3.33678 0.00721141 3.31472 0.00706555 0
352 3.43119 0.00786368 3.22772 0.00649824 1
352 3.64531 0.00946725 3.04976 0.00534468 2
352 4.04978 0.0129438 2.77872 0.00376678 3
352 4.8171 0.0202522 2.50563 0.00618943 4
353 3.33661 0.00719828 3.31495 0.0070552 0
353 3.42925 0.00783706 3.22948 0.00649848 1
353 3.63886 0.00940154 3.05468 0.00536566 2
353 4.03298 0.0127707 2.78803 0.00379829 3
353 4.77674 0.0198945 2.50749 0.00558008 4
354 3.33645 0.00718539 3.31517 0.00704503 0
354 3.42735 0.00781099 3.2312 0.00649869 1
354 3.63255 0.0093375 3.05951 0.00538631 2
354 4.01666 0.0126032 2.79723 0.00383123 3
354 4.73751 0.0195317 2.51117 0.00507787 4
355 3.33629 0.00717274 3.31538 0.00703505 0
355 3.42548 0.00778545 3.2329 0.0064989 1
355 3.62639 0.00927509 3.06425 0.00540663 2
355 4.00078 0.0124411 2.80632 0.00386536 3
355 4.69941 0.0191678 2.51633 0.00466426 4
356 3.33613 0.00716034 3.3156 0.00702526 0
356 3.42366 0.00776046 3.23457 0.0064991 1
356 3.62036 0.00921428 3.06892 0.00542663 2
356 3.98534 0.0122843 2.8153 0.00390046 3
356 4.66244 0.0188058 2.52271 0.0043242 4
357 3.33598 0.00714819 3.31581 0.00701566 0
357 3.42186 0.007736 3.23621 0.0064993 1
357 3.61447 0.00915502 3.07351 0.00544631 2
357 3.97032 0.0121326 2.82416 0.00393636 3
357 4.6266 0.018448 2.53011 0.00404539 4
358 3.33582 0.00713629 3.31602 0.00700627 0
358 3.42011 0.00771208 3.23782 0.00649952 1
358 3.60871 0.00909729 3.07802 0.00546569 2
358 3.95571 0.0119858 2.8329 0.0039729 3
358 4.59185 0.0180962 2.53832 0.00381774 4
359 3.33568 0.00712464 3.31622 0.00699709 0
359 3.41838 0.00768868 3.23941 0.00649976 1
359 3.60307 0.00904105 3.08245 0.00548477 2
359 3.9415 0.0118438 2.84153 0.00400992 3
359 4.55819 0.0177517 2.54721 0.00363298 4
360 3.33553 0.00711326 3.31642 0.00698812 0
360 3.41669 0.00766582 3.24096 0.00650002 1
360 3.59756 0.00898626 3.08681 0.00550356 2
360 3.92766 0.0117063 2.85002 0.00404732 3
360 4.52559 0.0174155 2.55664 0.00348426 4
360 5.48053 0.0169577 3.39 0.0995319 5
361 3.33539 0.00710215 3.31662 0.00697936 0
361 3.41504 0.00764348 3.2425 0.00650033 1
361 3.59217 0.00893289 3.09109 0.00552207 2
361 3.91419 0.0115732 2.8584 0.00408498 3
361 4.49402 0.0170882 2.56651 0.00336591 4
361 5.44632 0.0187029 3.13013 0.0698525 5
362 3.33525 0.0070913 3.31681 0.00697083 0
362 3.41341 0.00762167 3.244 0.00650068 1
362 3.5869 0.00888091 3.0953 0.00554031 2
362 3.90108 0.0114444 2.86665 0.00412281 3
362 4.46345 0.0167702 2.57673 0.00327321 4
362 5.4069 0.0199877 2.94732 0.0518965 5
363 3.33511 0.00708073 3.317 0.00696252 0
363 3.41182 0.00760037 3.24548 0.00650108 1
363 3.58174 0.00883029 3.09944 0.00555829 2
363 3.88831 0.0113197 2.87478 0.00416072 3
363 4.43384 0.016462 2.58721 0.00320223 4
363 5.36367 0.0209099 2.81401 0.039864 5
364 3.33498 0.00707044 3.31719 0.00695445 0
364 3.41025 0.0075796 3.24693 0.00650154 1
364 3.57669 0.008781 3.10351 0.00557602 2
364 3.87588 0.011199 2.88278 0.00419865 3
364 4.40518 0.0161635 2.5979 0.00314968 4
364 5.31775 0.0215376 2.71507 0.031291 5
365 3.33485 0.00706042 3.31738 0.00694661 0
365 3.40872 0.00755934 3.24836 0.00650207 1
365 3.57175 0.00873302 3.1075 0.00559351 2
365 3.86377 0.0110821 2.89066 0.00423654 3
365 4.37742 0.0158748 2.60874 0.00311278 4
365 5.27007 0.0219252 2.64117 0.0249508 5
366 3.33472 0.00705069 3.31756 0.006939 0
366 3.40722 0.00753959 3.24977 0.00650267 1
366 3.56692 0.00868631 3.11143 0.00561076 2
366 3.85197 0.010969 2.89841 0.00427432 3
366 4.35054 0.0155958 2.61968 0.00308919 4
366 5.22136 0.0221191 2.58604 0.0201503 5
367 3.33459 0.00704124 3.31774 0.00693164 0
367 3.40574 0.00752036 3.25115 0.00650336 1
367 3.56219 0.00864085 3.11528 0.00562779 2
367 3.84047 0.0108594 2.90604 0.00431195 3
367 4.3245 0.0153265 2.63068 0.00307695 4
367 5.17224 0.0221589 2.54524 0.0164579 5
368 3.33447 0.00703208 3.31792 0.00692453 0
368 3.4043 0.00750163 3.2525 0.00650413 1
368 3.55757 0.00859662 3.11908 0.00564461 2
368 3.82927 0.0107532 2.91355 0.0043494 3
368 4.29927 0.0150665 2.64171 0.00307438 4
368 5.12317 0.0220781 2.51552 0.0135857 5
369 3.33435 0.00702321 3.31809 0.00691767 0
369 3.40288 0.00748341 3.25384 0.00650499 1
369 3.55304 0.00855358 3.1228 0.00566123 2
369 3.81835 0.0106505 2.92094 0.00438663 3
369 4.27483 0.0148158 2.65275 0.00308005 4
369 5.07452 0.0219047 2.49446 0.0113323 5
370 3.33423 0.00701464 3.31826 0.00691106 0
370 3.40149 0.0074657 3.25515 0.00650596 1
370 3.54861 0.00851172 3.12646 0.00567766 2
370 3.80771 0.0105509 2.9282 0.00442361 3
370 4.25115 0.014574 2.66376 0.00309274 4
370 5.02657 0.0216618 2.48021 0.00955217 5
371 3.33412 0.00700636 3.31843 0.00690471 0
371 3.40012 0.00744849 3.25644 0.00650704 1
371 3.54427 0.00847102 3.13006 0.00569391 2
371 3.79734 0.0104545 2.93535 0.00446032 3
371 4.2282 0.014341 2.67473 0.00311143 4
371 4.97952 0.0213679 2.47136 0.00813794 5
372 3.334 0.00699839 3.3186 0.00689862 0
372 3.39878 0.00743177 3.2577 0.00650823 1
372 3.54003 0.00843144 3.13359 0.00570998 2
372 3.78722 0.0103611 2.94237 0.00449674 3
372 4.20595 0.0141163 2.68563 0.00313522 4
372 4.93352 0.0210377 2.46679 0.00700928 5
373 3.33389 0.00699072 3.31876 0.00689279 0
373 3.39747 0.00741556 3.25895 0.00650954 1
373 3.53587 0.00839297 3.13706 0.0057259 2
373 3.77736 0.0102707 2.94928 0.00453286 3
373 4.18437 0.0138999 2.69646 0.00316334 4
373 4.88868 0.020683 2.46566 0.00610528 5
374 3.33379 0.00698335 3.31893 0.00688723 0
374 3.39618 0.00739984 3.26017 0.00651097 1
374 3.5318 0.00835559 3.14048 0.00574166 2
374 3.76773 0.0101831 2.95607 0.00456865 3
374 4.16344 0.0136913 2.70719 0.00319515 4
374 4.84505 0.0203128 2.46727 0.00537936 5
375 3.33368 0.00697629 3.31908 0.00688194 0
375 3.39492 0.00738462 3.26137 0.00651254 1
375 3.52782 0.00831928 3.14383 0.00575728 2
375 3.75835 0.0100982 2.96275 0.00460412 3
375 4.14315 0.0134903 2.71783 0.00323007 4
375 4.80268 0.0199343 2.47109 0.00479557 5
376 3.33358 0.00696954 3.31924 0.00687693 0
376 3.39368 0.00736988 3.26255 0.00651425 1
376 3.52392 0.00828402 3.14712 0.00577277 2
376 3.74919 0.010016 2.96932 0.00463925 3
376 4.12345 0.0132967 2.72836 0.00326762 4
376 4.76159 0.0195527 2.4767 0.00432594 5
377 3.33348 0.0069631 3.3194 0.00687219 0
377 3.39247 0.00735564 3.26371 0.0065161 1
377 3.52011 0.00824978 3.15036 0.00578814 2
377 3.74026 0.0099364 2.97577 0.00467404 3
377 4.10434 0.0131101 2.73876 0.00330738 4
377 4.72177 0.0191723 2.48373 0.00394855 5
378 3.33338 0.00695697 3.31955 0.00686773 0
378 3.39128 0.00734188 3.26486 0.00651809 1
378 3.51637 0.00821655 3.15354 0.0058034 2
378 3.73154 0.00985928 2.98211 0.00470848 3
378 4.08579 0.0129303 2.74905 0.00334898 4
378 4.68322 0.0187962 2.49191 0.00364614 5
379 3.33328 0.00695116 3.3197 0.00686356 0
379 3.39011 0.0073286 3.26598 0.00652024 1
379 3.51271 0.00818432 3.15666 0.00581855 2
379 3.72304 0.00978459 2.98834 0.00474258 3
379 4.06778 0.012757 2.7592 0.00339211 4
379 4.64592 0.0184265 2.50101 0.00340497 5
379 5.49551 0.0165835 3.40505 0.129729 6
380 3.33319 0.00694567 3.31985 0.00685966 0
380 3.38896 0.00731581 3.26708 0.00652255 1
380 3.50913 0.00815306 3.15973 0.00583361 2
380 3.71473 0.00971225 2.99446 0.00477633 3
380 4.05029 0.0125901 2.76923 0.00343649 4
380 4.60983 0.0180651 2.51085 0.00321407 5
380 5.46035 0.0188484 3.07982 0.0794432 6
381 3.33309 0.00694049 3.31999 0.00685606 0
381 3.38784 0.0073035 3.26816 0.00652502 1
381 3.50562 0.00812276 3.16275 0.00584858 2
381 3.70663 0.00964219 3.00048 0.00480974 3
381 4.0333 0.0124292 2.77911 0.00348189 4
381 4.57494 0.017713 2.52127 0.00306462 5
381 5.4187 0.0203765 2.87479 0.0543254 6
382 3.333 0.00693564 3.32014 0.00685274 0
382 3.38674 0.00729166 3.26923 0.00652766 1
382 3.50218 0.0080934 3.16571 0.00586348 2
382 3.69871 0.00957435 3.00639 0.00484281 3
382 4.01679 0.0122741 2.78886 0.00352811 4
382 4.54119 0.0173711 2.53215 0.00294948 5
382 5.37266 0.0213943 2.73604 0.0394073 6
383 3.33292 0.00693111 3.32028 0.00684971 0
383 3.38566 0.0072803 3.27028 0.00653048 1
383 3.49882 0.00806497 3.16862 0.00587831 2
383 3.69099 0.00950866 3.0122 0.00487555 3
383 4.00075 0.0121245 2.79846 0.00357496 4
383 4.50857 0.0170398 2.54337 0.00286284 5
383 5.32378 0.022034 2.63892 0.0296323 6
384 3.33283 0.0069269 3.32042 0.00684698 0
384 3.38459 0.00726942 3.27131 0.00653347 1
384 3.49552 0.00803744 3.17148 0.00589309 2
384 3.68344 0.00944506 3.01791 0.00490795 3
384 3.98517 0.0119804 2.80793 0.00362229 4
384 4.47703 0.0167195 2.55486 0.00279996 5
384 5.27322 0.0223876 2.56999 0.0228415 6
385 3.33275 0.00692302 3.32056 0.00684454 0
385 3.38355 0.007259 3.27232 0.00653664 1
385 3.49229 0.00801081 3.17429 0.00590781 2
385 3.67607 0.00938348 3.02351 0.00494003 3
385 3.97001 0.0118415 2.81725 0.00366997 4
385 4.44653 0.0164103 2.56654 0.00275694 5
385 5.22186 0.0225244 2.52103 0.0179467 6
386 3.33266 0.00691946 3.32069 0.0068424 0
386 3.38253 0.00724906 3.27331 0.00653999 1
386 3.48913 0.00798506 3.17705 0.00592249 2
386 3.66888 0.00932388 3.02902 0.00497178 3
386 3.95528 0.0117075 2.82642 0.00371789 4
386 4.41704 0.016112 2.57836 0.00273056 5
386 5.17035 0.0224981 2.48665 0.01433 6
387 3.33258 0.00691623 3.32083 0.00684055 0
387 3.38153 0.00723958 3.27429 0.00654354 1
387 3.48603 0.00796018 3.17976 0.00593714 2
387 3.66185 0.00926619 3.03443 0.00500323 3
387 3.94095 0.0115783 2.83545 0.00376594 4
387 4.38852 0.0158247 2.59025 0.00271815 5
387 5.11919 0.0223511 2.46314 0.0116099 6
388 3.3325 0.00691332 3.32096 0.00683901 0
388 3.38055 0.00723056 3.27525 0.00654728 1
388 3.483 0.00793614 3.18242 0.00595177 2
388 3.65498 0.00921037 3.03975 0.00503437 3
388 3.92701 0.0114537 2.84433 0.00381404 4
388 4.36093 0.0155481 2.60219 0.00271748 5
388 5.06875 0.022116 2.44785 0.00953656 6
389 3.33243 0.00691075 3.32109 0.00683777 0
389 3.37959 0.00722201 3.27619 0.00655121 1
389 3.48003 0.00791295 3.18504 0.00596637 2
389 3.64827 0.00915635 3.04497 0.00506521 3
389 3.91345 0.0113335 2.85307 0.00386211 4
389 4.33424 0.0152819 2.61412 0.0027267 5
389 5.01928 0.0218181 2.43885 0.00793967 6
390 3.33235 0.0069085 3.32122 0.00683683 0
390 3.37864 0.00721391 3.27712 0.00655535 1
390 3.47712 0.00789058 3.18761 0.00598097 2
390 3.64171 0.0091041 3.0501 0.00509577 3
390 3.90026 0.0112176 2.86167 0.00391009 4
390 4.30841 0.0150259 2.62603 0.00274425 5
390 4.97097 0.021477 2.43471 0.00669972 6
391 3.33228 0.00690659 3.32134 0.00683619 0
391 3.37772 0.00720627 3.27803 0.00655969 1
391 3.47427 0.00786902 3.19013 0.00599556 2
391 3.63531 0.00905357 3.05514 0.00512604 3
391 3.88742 0.0111058 2.87013 0.00395794 4
391 4.28341 0.0147798 2.63789 0.00276882 5
391 4.92392 0.0211074 2.43437 0.00573094 6
392 3.33221 0.006905 3.32147 0.00683586 0
392 3.37681 0.00719909 3.27893 0.00656424 1
392 3.47147 0.00784826 3.19261 0.00601016 2
392 3.62905 0.00900471 3.06009 0.00515604 3
392 3.87492 0.010998 2.87844 0.00400559 4
392 4.25921 0.0145432 2.64968 0.0027993 5
392 4.87822 0.0207205 2.43698 0.00497064 6
393 3.33214 0.00690375 3.32159 0.00683583 0
393 3.37592 0.00719235 3.27981 0.00656899 1
393 3.46874 0.00782828 3.19505 0.00602477 2
393 3.62293 0.00895747 3.06495 0.00518579 3
393 3.86275 0.010894 2.88661 0.00405302 4
393 4.23577 0.0143158 2.66137 0.00283475 5
393 4.83391 0.0203248 2.44193 0.00437236 6
394 3.33207 0.00690283 3.32171 0.00683612 0
394 3.37504 0.00718607 3.28068 0.00657396 1
394 3.46606 0.00780908 3.19744 0.0060394 2
394 3.61695 0.00891181 3.06972 0.00521527 3
394 3.8509 0.0107936 2.89464 0.00410019 4
394 4.21307 0.0140973 2.67296 0.00287438 5
394 4.791 0.0199265 2.44871 0.00390118 6
395 3.33201 0.00690224 3.32183 0.00683671 0
395 3.37419 0.00718023 3.28153 0.00657914 1
395 3.46343 0.00779064 3.1998 0.00605405 2
395 3.6111 0.0088677 3.07441 0.00524452 3
395 3.83936 0.0106968 2.90254 0.00414707 4
395 4.19108 0.0138874 2.68444 0.00291751 5
395 4.74949 0.0195303 2.45694 0.00353059 6
396 3.33194 0.00690198 3.32195 0.00683761 0
396 3.37335 0.00717484 3.28237 0.00658455 1
396 3.46085 0.00777296 3.20211 0.00606874 2
396 3.60539 0.00882509 3.07901 0.00527352 3
396 3.82811 0.0106034 2.9103 0.00419364 4
396 4.16976 0.0136856 2.69578 0.00296357 5
396 4.70936 0.0191396 2.46631 0.00324021 6
396 5.47827 0.0187506 3.09406 0.0999208 7
397 3.33188 0.00690206 3.32207 0.00683881 0
397 3.37252 0.00716989 3.28319 0.00659017 1
397 3.45833 0.00775601 3.20438 0.00608346 2
397 3.5998 0.00878395 3.08354 0.0053023 3
397 3.81716 0.0105133 2.91792 0.00423989 4
397 4.1491 0.0134917 2.707 0.00301205 5
397 4.67059 0.0187568 2.47657 0.00301424 6
397 5.43585 0.0206953 2.84651 0.0611926 7
398 3.33182 0.00690246 3.32218 0.00684033 0
398 3.37171 0.00716537 3.284 0.00659601 1
398 3.45586 0.00773979 3.20661 0.00609822 2
398 3.59434 0.00874424 3.08798 0.00533087 3
398 3.80649 0.0104263 2.92541 0.00428579 4
398 4.12907 0.0133054 2.71807 0.00306255 5
398 4.63314 0.0183836 2.48753 0.00284034 6
398 5.38809 0.0219009 2.69325 0.0415143 7
399 3.33176 0.0069032 3.32229 0.00684216 0
399 3.37092 0.0071613 3.28479 0.00660208 1
399 3.45344 0.00772429 3.2088 0.00611304 2
399 3.58899 0.00870592 3.09234 0.00535923 3
399 3.79609 0.0103425 2.93277 0.00433134 4
399 4.10964 0.0131263 2.72899 0.00311469 5
399 4.59697 0.0180211 2.49902 0.00270875 6
399 5.33712 0.0226133 2.59236 0.0298089 7
400 3.3317 0.00690427 3.32241 0.00684429 0
400 3.37014 0.00715765 3.28557 0.00660838 1
400 3.45107 0.00770949 3.21095 0.00612791 2
400 3.58377 0.00866895 3.09663 0.00538739 3
400 3.78595 0.0102616 2.94 0.00437653 4
400 4.0908 0.0129542 2.73976 0.00316816 5
400 4.56204 0.0176702 2.51092 0.00261174 6
400 5.2844 0.0229787 2.5242 0.0221976 7
401 3.33165 0.00690567 3.32252 0.00684674 0
401 3.36938 0.00715444 3.28634 0.00661491 1
401 3.44874 0.00769539 3.21307 0.00614284 2
401 3.57866 0.00863332 3.10083 0.00541536 3
401 3.77606 0.0101835 2.9471 0.00442135 4
401 4.07251 0.0127888 2.75037 0.00322271 5
401 4.52832 0.0173312 2.52313 0.00254311 6
401 5.23095 0.0230957 2.47794 0.0169721 7
402 3.33159 0.0069074 3.32263 0.00684949 0
402 3.36863 0.00715165 3.2871 0.00662166 1
402 3.44646 0.00768198 3.21514 0.00615783 2
402 3.57366 0.00859898 3.10497 0.00544315 3
402 3.76643 0.0101082 2.95408 0.00446579 4
402 4.05477 0.0126297 2.76083 0.0032781 5
402 4.49575 0.0170044 2.53555 0.00249785 6
402 5.17753 0.0230349 2.44701 0.0132546 7
403 3.33154 0.00690946 3.32273 0.00685256 0
403 3.3679 0.00714929 3.28784 0.00662865 1
403 3.44423 0.00766924 3.21718 0.0061729 2
403 3.56878 0.0085659 3.10902 0.00547076 3
403 3.75703 0.0100356 2.96093 0.00450987 4
403 4.03754 0.0124768 2.77113 0.00333413 5
403 4.4643 0.0166897 2.54811 0.00247192 6
403 5.12466 0.0228478 2.42709 0.010543 7
404 3.33149 0.00691185 3.32284 0.00685593 0
404 3.36718 0.00714736 3.28857 0.00663587 1
404 3.44204 0.00765717 3.21919 0.00618804 2
404 3.56399 0.00853406 3.11301 0.00549822 3
404 3.74786 0.0099655 2.96766 0.00455356 4
404 4.02081 0.0123298 2.78127 0.00339064 5
404 4.43392 0.016387 2.56076 0.00246202 6
404 5.0727 0.0225726 2.41529 0.00852875 7
405 3.33144 0.00691457 3.32295 0.00685962 0
405 3.36647 0.00714584 3.28929 0.00664333 1
405 3.4399 0.00764576 3.22116 0.00620326 2
405 3.55932 0.00850342 3.11692 0.00552552 3
405 3.73893 0.00989794 2.97427 0.00459689 4
405 4.00456 0.0121884 2.79124 0.00344748 5
405 4.40456 0.0160961 2.57345 0.00246544 6
405 5.0219 0.0222374 2.40955 0.00701163 7
406 3.33139 0.00691762 3.32305 0.00686361 0
406 3.36578 0.00714473 3.28999 0.00665102 1
406 3.43779 0.00763499 3.22309 0.00621856 2
406 3.55474 0.00847395 3.12077 0.00555267 3
406 3.7302 0.0098328 2.98076 0.00463984 4
406 3.98878 0.0120524 2.80106 0.00350453 5
406 4.37619 0.0158167 2.58613 0.00247995 6
406 4.97244 0.0218627 2.40839 0.00585704 7
407 3.33134 0.00692099 3.32315 0.00686791 0
407 3.3651 0.00714404 3.29069 0.00665894 1
407 3.43573 0.00762486 3.22499 0.00623396 2
407 3.55026 0.00844564 3.12454 0.00557969 3
407 3.7217 0.00976998 2.98713 0.00468243 4
407 3.97344 0.0119216 2.81071 0.00356168 5
407 4.34877 0.0155485 2.59877 0.00250369 6
407 4.9244 0.0214639 2.41072 0.00497168 7
408 3.3313 0.00692469 3.32325 0.00687252 0
408 3.36444 0.00714376 3.29137 0.00666711 1
408 3.43371 0.00761535 3.22686 0.00624944 2
408 3.54588 0.00841844 3.12825 0.00560658 3
408 3.71339 0.00970943 2.99339 0.00472465 4
408 3.95854 0.0117958 2.8202 0.00361884 5
408 4.32226 0.0152911 2.61135 0.00253515 6
408 4.87786 0.0210522 2.41575 0.00428939 7
409 3.33125 0.00692871 3.32335 0.00687744 0
409 3.36379 0.00714388 3.29204 0.00667551 1
409 3.43174 0.00760647 3.2287 0.00626502 2
409 3.5416 0.00839235 3.13189 0.00563334 3
409 3.70529 0.00965106 2.99954 0.00476651 4
409 3.94405 0.0116747 2.82953 0.00367593 5
409 4.29663 0.0150442 2.62385 0.00257302 6
409 4.83283 0.0206356 2.42286 0.00376234 7
410 3.33121 0.00693306 3.32345 0.00688266 0
410 3.36315 0.00714441 3.2927 0.00668416 1
410 3.4298 0.00759819 3.2305 0.0062807 2
410 3.5374 0.00836732 3.13547 0.00565999 3
410 3.69738 0.00959481 3.00557 0.00480803 4
410 3.92996 0.0115582 2.8387 0.00373288 5
410 4.27182 0.0148074 2.63624 0.00261626 6
410 4.78931 0.0202201 2.43157 0.00335534 7
410 5.49057 0.0188413 3.10246 0.124296 8
411 3.33117 0.00693772 3.32355 0.00688818 0
411 3.36252 0.00714534 3.29335 0.00669304 1
411 3.4279 0.00759052 3.23227 0.00629648 2
411 3.5333 0.00834334 3.13898 0.00568653 3
411 3.68966 0.00954061 3.0115 0.00484919 4
411 3.91626 0.0114462 2.84772 0.00378964 5
411 4.24782 0.0145802 2.6485 0.00266394 6
411 4.74728 0.0198099 2.44153 0.00304218 7
411 5.44732 0.0212347 2.81354 0.0674971 8
412 3.33113 0.00694271 3.32365 0.00689401 0
412 3.3619 0.00714666 3.29398 0.00670216 1
412 3.42603 0.00758344 3.23401 0.00631237 2
412 3.52928 0.00832039 3.14243 0.00571297 3
412 3.68213 0.00948841 3.01731 0.00489001 4
412 3.90293 0.0113384 2.85657 0.00384616 5
412 4.22459 0.0143623 2.66063 0.00271532 6
412 4.70672 0.019408 2.45245 0.00280301 7
412 5.39787 0.0226049 2.65025 0.0429056 8
413 3.33109 0.00694802 3.32374 0.00690014 0
413 3.3613 0.00714838 3.29461 0.00671152 1
413 3.42421 0.00757694 3.23572 0.00632837 2
413 3.52535 0.00829844 3.14581 0.00573932 3
413 3.67477 0.00943813 3.02303 0.0049305 4
413 3.88996 0.0112346 2.86528 0.0039024 5
413 4.2021 0.0141533 2.67262 0.00276976 6
413 4.66758 0.0190164 2.46409 0.00262268 7
413 5.34495 0.0233617 2.54887 0.0295416 8
414 3.33105 0.00695364 3.32384 0.00690657 0
414 3.36071 0.00715049 3.29523 0.00672112 1
414 3.42242 0.00757101 3.2374 0.00634448 2
414 3.5215 0.00827747 3.14914 0.00576558 3
414 3.66758 0.00938972 3.02863 0.00497067 4
414 3.87735 0.0111347 2.87383 0.00395832 5
414 4.18032 0.0139529 2.68446 0.0028267 6
414 4.62983 0.0186365 2.4763 0.00248948 7
414 5.29032 0.0237164 2.48349 0.0213446 8
415 3.33102 0.00695957 3.32393 0.00691331 0
415 3.36013 0.00715298 3.29583 0.00673096 1
415 3.42066 0.00756565 3.23905 0.0063607 2
415 3.51774 0.00825745 3.1524 0.00579176 3
415 3.66057 0.00934312 3.03414 0.00501051 4
415 3.86507 0.0110386 2.88222 0.0040139 5
415 4.15922 0.0137606 2.69613 0.00288569 6
415 4.59341 0.0182691 2.48891 0.00239425 7
415 5.23512 0.0237982 2.44103 0.0159457 8
416 3.33098 0.00696582 3.32402 0.00692033 0
416 3.35956 0.00715585 3.29643 0.00674103 1
416 3.41894 0.00756085 3.24067 0.00637704 2
416 3.51405 0.00823837 3.15561 0.00581787 3
416 3.65372 0.00929829 3.03955 0.00505005 4
416 3.85311 0.0109461 2.89047 0.00406911 5
416 4.13877 0.0135761 2.70765 0.00294634 6
416 4.55828 0.0179147 2.50183 0.00232982 7
416 5.18014 0.0236931 2.41403 0.0122236 8
417 3.33095 0.00697238 3.32412 0.00692766 0
417 3.35901 0.00715911 3.29701 0.00675135 1
417 3.41726 0.0075566 3.24226 0.0063935 2
417 3.51044 0.00822021 3.15876 0.00584391 3
417 3.64702 0.00925515 3.04486 0.00508928 4
417 3.84147 0.0108571 2.89857 0.00412394 5
417 4.11895 0.0133991 2.71899 0.00300832 6
417 4.52439 0.0175735 2.51494 0.00229046 7
417 5.12591 0.0234607 2.39784 0.0095762 8
418 3.33092 0.00697925 3.32421 0.00693528 0
418 3.35846 0.00716274 3.29759 0.0067619 1
418 3.4156 0.00755288 3.24383 0.00641008 2
418 3.50691 0.00820294 3.16185 0.00586988 3
418 3.64048 0.00921368 3.05007 0.00512822 4
418 3.83014 0.0107714 2.90652 0.00417837 5
418 4.09974 0.0132292 2.73016 0.00307133 6
418 4.4917 0.0172455 2.52819 0.00227161 7
418 5.0728 0.0231426 2.38941 0.00765036 8
419 3.33089 0.00698643 3.3243 0.00694319 0
419 3.35792 0.00716673 3.29816 0.00677269 1
419 3.41398 0.0075497 3.24536 0.00642678 2
419 3.50345 0.00818655 3.16489 0.0058958 3
419 3.63409 0.00917381 3.05518 0.00516687 4
419 3.8191 0.010689 2.91434 0.00423239 5
419 4.0811 0.0130662 2.74115 0.00313514 6
419 4.46014 0.0169305 2.5415 0.00226959 7
419 5.02103 0.0227688 2.38669 0.00622619 8
420 3.33086 0.0069939 3.32439 0.00695139 0
420 3.3574 0.0071711 3.29871 0.00678372 1
420 3.4124 0.00754705 3.24687 0.00644361 2
420 3.50006 0.00817102 3.16787 0.00592167 3
420 3.62785 0.00913551 3.06021 0.00520524 4
420 3.80835 0.0106096 2.922 0.00428598 5
420 4.06302 0.0129097 2.75197 0.00319954 6
420 4.42968 0.0166282 2.55483 0.00228142 7
420 4.97074 0.0223603 2.38819 0.0051603 8
421 3.33083 0.00700168 3.32447 0.00695987 0
421 3.35689 0.00717583 3.29926 0.00679498 1
421 3.41084 0.00754491 3.24836 0.00646056 2
421 3.49675 0.00815633 3.1708 0.00594749 3
421 3.62175 0.00909872 3.06514 0.00524334 4
421 3.79787 0.0105332 2.92953 0.00433915 5
421 4.04548 0.0127595 2.76262 0.00326436 6
421 4.40027 0.0163384 2.56813 0.00230468 7
421 4.92203 0.0219325 2.39287 0.00435598 8
422 3.3308 0.00700976 3.32456 0.00696865 0
422 3.35638 0.00718092 3.2998 0.00680647 1
422 3.40931 0.00754327 3.24982 0.00647764 2
422 3.4935 0.00814245 3.17368 0.00597327 3
422 3.61579 0.0090634 3.06998 0.00528118 4
422 3.78766 0.0104597 2.93693 0.00439189 5
422 4.02846 0.0126153 2.77309 0.00332943 6
422 4.37187 0.0160606 2.58137 0.00233736 7
422 4.87492 0.021496 2.39996 0.00374611 8
423 3.33078 0.00701814 3.32465 0.0069777 0
423 3.35589 0.00718636 3.30033 0.0068182 1
423 3.40782 0.00754214 3.25125 0.00649485 2
423 3.49032 0.00812939 3.17651 0.00599901 3
423 3.60997 0.00902951 3.07473 0.00531875 4
423 3.77771 0.010389 2.94419 0.00444419 5
423 4.01193 0.0124768 2.78338 0.00339464 6
423 4.34443 0.0157944 2.59453 0.00237784 7
423 4.82943 0.0210586 2.40888 0.00328307 8
423 5.47569 0.0209058 2.89187 0.0968427 9
424 3.33075 0.00702681 3.32473 0.00698704 0
424 3.3554 0.00719215 3.30085 0.00683016 1
424 3.40635 0.0075415 3.25266 0.00651218 2
424 3.48721 0.0081171 3.17928 0.00602472 3
424 3.60427 0.00899702 3.0794 0.00535609 4
424 3.76801 0.0103209 2.95131 0.00449606 5
424 3.99588 0.0123438 2.79349 0.00345987 6
424 4.31792 0.0155394 2.60758 0.00242475 7
424 4.78553 0.0206256 2.41919 0.00293238 8
424 5.42708 0.0228928 2.67125 0.053757 9
425 3.33073 0.00703576 3.32482 0.00699666 0
425 3.35493 0.00719829 3.30136 0.00684235 1
425 3.40491 0.00754134 3.25404 0.00652964 2
425 3.48416 0.00810559 3.18201 0.0060504 3
425 3.59871 0.00896587 3.08398 0.00539317 4
425 3.75855 0.0102555 2.95831 0.0045475 5
425 3.98029 0.012216 2.80343 0.00352503 6
425 4.29229 0.0152951 2.6205 0.00247697 7
425 4.7432 0.0202008 2.43056 0.0026687 8
425 5.37365 0.0239424 2.54695 0.0343462 9
426 3.33071 0.00704501 3.3249 0.00700654 0
426 3.35446 0.00720477 3.30187 0.00685476 1
426 3.4035 0.00754166 3.2554 0.00654723 2
426 3.48117 0.00809482 3.18469 0.00607605 3
426 3.59327 0.00893604 3.08848 0.00543003 4
426 3.74933 0.0101925 2.96517 0.0045985 5
426 3.96514 0.0120932 2.8132 0.00359003 6
426 4.2675 0.0150611 2.63328 0.00253356 7
426 4.7024 0.0197867 2.44272 0.00247305 8
426 5.31786 0.0244407 2.47133 0.0236363 9
427 3.33069 0.00705454 3.32498 0.00701671 0
427 3.35401 0.00721159 3.30236 0.00686741 1
427 3.40212 0.00754245 3.25674 0.00656496 2
427 3.47825 0.00808479 3.18731 0.00610169 3
427 3.58795 0.00890749 3.0929 0.00546665 4
427 3.74034 0.0101319 2.97191 0.00464908 5
427 3.95042 0.0119753 2.8228 0.00365482 6
427 4.24353 0.014837 2.64591 0.00259374 7
427 4.66308 0.0193851 2.45548 0.00233109 8
427 5.26122 0.0245887 2.42422 0.017042 9
428 3.33067 0.00706435 3.32507 0.00702714 0
428 3.35356 0.00721874 3.30285 0.00688027 1
428 3.40077 0.0075437 3.25805 0.00658281 2
428 3.47539 0.00807548 3.1899 0.0061273 3
428 3.58275 0.00888017 3.09723 0.00550306 4
428 3.73157 0.0100736 2.97853 0.00469923 5
428 3.93612 0.011862 2.83222 0.00371933 6
428 4.22033 0.0146223 2.65837 0.00265685 7
428 4.62518 0.018997 2.46866 0.00223184 8
428 5.2047 0.0245074 2.39528 0.0127043 9
429 3.33065 0.00707443 3.32515 0.00703783 0
429 3.35312 0.00722622 3.30333 0.00689336 1
429 3.39944 0.0075454 3.25934 0.00660079 2
429 3.47258 0.00806688 3.19243 0.0061529 3
429 3.57766 0.00885407 3.10149 0.00553925 4
429 3.72302 0.0100176 2.98502 0.00474895 5
429 3.92221 0.0117531 2.84148 0.00378352 6
429 4.19788 0.0144165 2.67067 0.00272233 7
429 4.58866 0.0186229 2.48216 0.00216678 8
429 5.14893 0.024275 2.37855 0.00972495 9
430 3.33063 0.00708479 3.32523 0.00704879 0
430 3.35269 0.00723403 3.30381 0.00690666 1
430 3.39814 0.00754754 3.26061 0.0066189 2
430 3.46983 0.00805896 3.19492 0.00617848 3
430 3.57269 0.00882913 3.10567 0.00557524 4
430 3.71467 0.00996368 2.9914 0.00479826 5
430 3.90869 0.0116484 2.85057 0.00384734 6
430 4.17615 0.0142194 2.68278 0.00278971 7
430 4.55346 0.0182631 2.49585 0.00212925 8
430 5.09434 0.023944 2.37032 0.00761645 9
431 3.33061 0.00709542 3.32531 0.00706001 0
431 3.35227 0.00724215 3.30427 0.00692019 1
431 3.39687 0.00755012 3.26185 0.00663714 2
431 3.46714 0.00805172 3.19737 0.00620406 3
431 3.56782 0.00880534 3.10977 0.00561102 4
431 3.70653 0.00991189 2.99765 0.00484715 5
431 3.89553 0.0115478 2.85949 0.00391076 6
431 4.1551 0.0140305 2.69471 0.0028586 7
431 4.51952 0.0179175 2.50967 0.00211402 8
431 5.04116 0.0235504 2.36817 0.00609206 9
432 3.3306 0.00710632 3.32539 0.00707148 0
432 3.35186 0.00725059 3.30473 0.00693392 1
432 3.39562 0.00755313 3.26308 0.00665551 2
432 3.46451 0.00804514 3.19977 0.00622962 3
432 3.56307 0.00878266 3.1138 0.00564661 4
432 3.69858 0.00986211 3.00379 0.00489564 5
432 3.88274 0.0114511 2.86825 0.00397375 6
432 4.13471 0.0138494 2.70646 0.00292866 7
432 4.4868 0.017586 2.52355 0.0021169 8
432 4.98957 0.023119 2.37045 0.0049731 9
433 3.33058 0.00711748 3.32547 0.00708321 0
433 3.35146 0.00725933 3.30518 0.00694787 1
433 3.39439 0.00755656 3.26428 0.006674 2
433 3.46193 0.0080392 3.20213 0.00625518 3
433 3.55842 0.00876106 3.11775 0.005682 4
433 3.69083 0.00981428 3.00982 0.00494373 5
433 3.87029 0.0113582 2.87686 0.00403629 6
433 4.11494 0.0136758 2.71802 0.00299962 7
433 4.45524 0.0172682 2.53743 0.00213454 8
433 4.93964 0.0226671 2.37598 0.00414329 9
434 3.33057 0.0071289 3.32555 0.00709518 0
434 3.35106 0.00726838 3.30562 0.00696203 1
434 3.39319 0.0075604 3.26546 0.00669263 2
434 3.4594 0.00803388 3.20445 0.00628074 3
434 3.55387 0.00874051 3.12163 0.00571721 4
434 3.68326 0.00976834 3.01574 0.00499142 5
434 3.85817 0.0112688 2.8853 0.00409836 6
434 4.09579 0.0135094 2.7294 0.00307122 7
434 4.42479 0.0169639 2.55127 0.00216425 8
434 4.89141 0.0222066 2.38395 0.00352428 9
434 5.49017 0.0209581 2.92797 0.125665 10
435 3.33056 0.00714057 3.32563 0.0071074 0
435 3.35068 0.00727773 3.30606 0.00697639 1
435 3.39201 0.00756464 3.26662 0.00671137 2
435 3.45692 0.00802919 3.20672 0.0063063 3
435 3.54942 0.00872098 3.12544 0.00575224 4
435 3.67587 0.00972422 3.02154 0.00503873 5
435 3.84638 0.0111829 2.89359 0.00415995 6
435 4.07722 0.0133498 2.74058 0.00314326 7
435 4.39541 0.0166725 2.56503 0.00220383 8
435 4.84488 0.0217461 2.39373 0.00306183 9
435 5.44152 0.0234756 2.66367 0.0612432 10
436 3.33054 0.00715249 3.3257 0.00711986 0
436 3.3503 0.00728737 3.30648 0.00699096 1
436 3.39086 0.00756929 3.26776 0.00673024 2
436 3.4545 0.00802509 3.20896 0.00633185 3
436 3.54506 0.00870244 3.12919 0.0057871 4
436 3.66866 0.00968186 3.02724 0.00508565 5
436 3.8349 0.0111002 2.90173 0.00422104 6
436 4.05921 0.0131966 2.75157 0.00321558 7
436 4.36704 0.0163935 2.5787 0.0022515 8
436 4.80004 0.0212912 2.40487 0.0027175 9
436 5.3871 0.0247123 2.5276 0.0367142 10
437 3.33053 0.00716466 3.32578 0.00713256 0
437 3.34993 0.00729731 3.30691 0.00700572 1
437 3.38973 0.00757432 3.26888 0.00674924 2
437 3.45212 0.00802159 3.21116 0.0063574 3
437 3.5408 0.00868487 3.13286 0.00582178 4
437 3.66161 0.00964121 3.03284 0.00513219 5
437 3.82372 0.0110208 2.90971 0.00428162 6
437 4.04173 0.0130497 2.76238 0.00328802 7
437 4.33965 0.0161265 2.59224 0.0023058 8
437 4.75683 0.0208458 2.41702 0.00246348 9
437 5.33003 0.025271 2.44914 0.0243017 10
438 3.33053 0.00717707 3.32586 0.00714549 0
438 3.34956 0.00730752 3.30732 0.00702068 1
438 3.38862 0.00757973 3.26999 0.00676835 2
438 3.44979 0.00801865 3.21331 0.00638296 3
438 3.53663 0.00866825 3.13647 0.0058563 4
438 3.65474 0.0096022 3.03833 0.00517837 5
438 3.81283 0.0109444 2.91755 0.00434169 6
438 4.02477 0.0129088 2.77299 0.00336045 7
438 4.31319 0.015871 2.60563 0.0023655 8
438 4.71523 0.0204126 2.42993 0.00227932 9
438 5.27208 0.0254249 2.40224 0.0170497 10
439 3.33052 0.00718972 3.32593 0.00715864 0
439 3.34921 0.00731801 3.30773 0.00703584 1
439 3.38753 0.00758552 3.27107 0.00678758 2
439 3.44751 0.00801628 3.21543 0.00640852 3
439 3.53255 0.00865253 3.14001 0.00589066 4
439 3.64802 0.00956479 3.04372 0.00522418 5
439 3.80223 0.010871 2.92525 0.00440124 6
439 4.00831 0.0127734 2.78342 0.00343277 7
439 4.28762 0.0156265 2.61887 0.00242962 8
439 4.67516 0.0199932 2.44339 0.00214974 9
439 5.21431 0.025325 2.37462 0.0124462 10
440 3.33051 0.0072026 3.32601 0.00717202 0
440 3.34886 0.00732878 3.30813 0.00705118 1
440 3.38646 0.00759168 3.27214 0.00680693 2
440 3.44528 0.00801445 3.21751 0.00643408 3
440 3.52856 0.00863771 3.14349 0.00592486 4
440 3.64146 0.00952892 3.04901 0.00526963 5
440 3.79189 0.0108004 2.93279 0.00446028 6
440 3.99233 0.0126436 2.79366 0.00350489 7
440 4.2629 0.0153925 2.63194 0.00249731 8
440 4.63658 0.0195886 2.45723 0.00206317 9
440 5.1574 0.0250636 2.35955 0.00936614 10
441 3.3305 0.00721571 3.32608 0.00718562 0
441 3.34852 0.00733981 3.30853 0.00706671 1
441 3.38542 0.00759819 3.27318 0.00682639 2
441 3.44309 0.00801316 3.21956 0.00645964 3
441 3.52466 0.00862375 3.1469 0.0059589 4
441 3.63505 0.00949454 3.0542 0.00531473 5
441 3.78183 0.0107325 2.9402 0.00451879 6
441 3.97681 0.0125188 2.80372 0.00357673 7
441 4.239 0.0151684 2.64482 0.00256788 8
441 4.59943 0.0191993 2.47133 0.00201075 9
441 5.10178 0.0247001 2.35302 0.00723094 10
442 3.3305 0.00722904 3.32616 0.00719943 0
442 3.34818 0.0073511 3.30892 0.00708241 1
442 3.3844 0.00760505 3.27421 0.00684596 2
442 3.44094 0.00801239 3.22156 0.0064852 3
442 3.52084 0.00861063 3.15025 0.00599279 4
442 3.62879 0.00946161 3.05929 0.00535949 5
442 3.77201 0.0106672 2.94747 0.00457677 6
442 3.96174 0.0123991 2.81359 0.00364823 7
442 4.21588 0.0149539 2.65753 0.00264076 8
442 4.56365 0.0188253 2.4856 0.00198561 9
442 5.04771 0.0242739 2.35249 0.00571364 10
443 3.33049 0.00724259 3.32623 0.00721346 0
443 3.34786 0.00736264 3.3093 0.0070983 1
443 3.38339 0.00761225 3.27522 0.00686564 2
443 3.43884 0.00801213 3.22354 0.00651077 3
443 3.5171 0.00859833 3.15354 0.00602654 4
443 3.62267 0.00943008 3.06429 0.0054039 5
443 3.76245 0.0106044 2.95461 0.00463424 6
443 3.94709 0.012284 2.82329 0.00371932 7
443 4.19351 0.0147486 2.67004 0.00271546 8
443 4.52918 0.0184667 2.49995 0.00198239 9
443 4.99532 0.0238114 2.35625 0.00461679 10
444 3.33049 0.00725635 3.32631 0.00722768 0
444 3.34754 0.00737444 3.30968 0.00711436 1
444 3.38241 0.00761978 3.27622 0.00688543 2
444 3.43678 0.00801236 3.22547 0.00653633 3
444 3.51344 0.00858682 3.15678 0.00606013 4
444 3.6167 0.0093999 3.0692 0.00544798 5
444 3.75313 0.0105441 2.96161 0.00469119 6
444 3.93286 0.0121735 2.83281 0.00378997 7
444 4.17185 0.0145519 2.68235 0.00279156 8
444 4.49596 0.0181231 2.51433 0.00199684 9
444 4.94469 0.0233305 2.36312 0.00381499 10
445 3.33049 0.00727032 3.32638 0.00724211 0
445 3.34722 0.00738648 3.31005 0.00713058 1
445 3.38144 0.00762764 3.27719 0.00690533 2
445 3.43476 0.00801307 3.22738 0.0065619 3
445 3.50986 0.00857609 3.15995 0.00609358 4
445 3.61086 0.00937103 3.07402 0.00549173 5
445 3.74404 0.0104861 2.96848 0.00474762 6
445 3.91902 0.0120674 2.84215 0.00386014 7
445 4.15088 0.0143634 2.69447 0.00286873 8
445 4.46394 0.0177941 2.52867 0.00202559 9
445 4.89585 0.0228436 2.37229 0.00322545 10
445 5.45339 0.0240821 2.65676 0.0694829 11
446 3.33049 0.00728449 3.32645 0.00725673 0
446 3.34692 0.00739875 3.31042 0.00714697 1
446 3.3805 0.00763582 3.27815 0.00692532 2
446 3.43279 0.00801426 3.22925 0.00658747 3
446 3.50635 0.00856611 3.16307 0.0061269 4
446 3.60515 0.00934343 3.07875 0.00553516 5
446 3.73518 0.0104303 2.97522 0.00480354 6
446 3.90556 0.0119653 2.85132 0.00392979 7
446 4.13057 0.0141829 2.70638 0.00294666 8
446 4.43306 0.0174794 2.54295 0.00206593 9
446 4.84878 0.022359 2.38315 0.00279179 10
446 5.39809 0.0255125 2.50939 0.0389855 11
447 3.33049 0.00729886 3.32652 0.00727154 0
447 3.34662 0.00741126 3.31078 0.00716352 1
447 3.37957 0.0076443 3.2791 0.00694541 2
447 3.43085 0.0080159 3.23108 0.00661304 3
447 3.50292 0.00855686 3.16612 0.00616007 4
447 3.59957 0.00931707 3.08339 0.00557827 5
447 3.72653 0.0103767 2.98184 0.00485894 6
447 3.89248 0.0118673 2.86032 0.0039989 7
447 4.1109 0.0140098 2.7181 0.00302512 8
447 4.40328 0.0171782 2.55712 0.00211569 9
447 4.80347 0.0218823 2.39525 0.00247459 10
447 5.33986 0.0261237 2.42884 0.024846 11
448 3.33049 0.00731342 3.3266 0.00728654 0
448 3.34632 0.00742399 3.31114 0.00718022 1
448 3.37866 0.00765309 3.28003 0.00696559 2
448 3.42895 0.00801799 3.23289 0.0066386 3
448 3.49956 0.00854832 3.16913 0.0061931 4
448 3.59412 0.00929189 3.08795 0.00562106 5
448 3.7181 0.0103252 2.98833 0.00491384 6
448 3.87975 0.011773 2.86915 0.00406744 7
448 4.09183 0.0138439 2.72961 0.0031039 8
448 4.37454 0.0168902 2.57117 0.00217309 9
448 4.75985 0.0214172 2.40827 0.00224569 10
448 5.28073 0.0262753 2.38259 0.0169892 11
449 3.33049 0.00732817 3.32667 0.00730171 0
449 3.34603 0.00743694 3.31149 0.00719707 1
449 3.37777 0.00766217 3.28094 0.00698587 2
449 3.42709 0.00802051 3.23466 0.00666416 3
449 3.49627 0.00854047 3.17208 0.006226 4
449 3.58879 0.00926786 3.09242 0.00566355 5
449 3.70988 0.0102757 2.9947 0.00496824 6
449 3.86737 0.0116824 2.87782 0.0041354 7
449 4.07334 0.0136848 2.74092 0.00318282 8
449 4.3468 0.0166147 2.58507 0.00223669 9
449 4.71788 0.0209661 2.42194 0.00208457 10
449 5.22186 0.0261509 2.35647 0.0121631 11
450 3.33049 0.00734309 3.32674 0.00731706 0
450 3.34575 0.0074501 3.31183 0.00721407 1
450 3.3769 0.00767154 3.28183 0.00700623 2
450 3.42527 0.00802346 3.2364 0.00668972 3
450 3.49305 0.00853328 3.17497 0.00625876 4
450 3.58358 0.00924495 3.09681 0.00570572 5
450 3.70185 0.0102282 3.00095 0.00502214 6
450 3.85532 0.0115953 2.88632 0.00420276 7
450 4.05541 0.0135322 2.75203 0.00326172 8
450 4.32002 0.0163513 2.5988 0.00230529 9
450 4.67749 0.0205304 2.43609 0.00197603 10
450 5.16397 0.0258564 2.3431 0.00900986 11
451 3.3305 0.00735819 3.32681 0.00733257 0
451 3.34548 0.00746347 3.31217 0.00723121 1
451 3.37605 0.00768118 3.28272 0.00702667 2
451 3.42349 0.00802681 3.23811 0.00671526 3
451 3.4899 0.00852675 3.17782 0.00629138 4
451 3.57849 0.00922311 3.10112 0.0057476 5
451 3.69402 0.0101825 3.00709 0.00507555 6
451 3.8436 0.0115115 2.89467 0.00426952 7
451 4.03802 0.0133858 2.76294 0.0033405 8
451 4.29415 0.0160993 2.61236 0.00237793 9
451 4.63863 0.020111 2.45055 0.00190866 10
451 5.10749 0.0254577 2.33822 0.00686399 11
452 3.3305 0.00737346 3.32688 0.00734824 0
452 3.34521 0.00747703 3.3125 0.00724848 1
452 3.37521 0.00769109 3.28358 0.00704719 2
452 3.42174 0.00803056 3.23979 0.0067408 3
452 3.48681 0.00852084 3.18061 0.00632387 4
452 3.57351 0.00920232 3.10535 0.00578918 5
452 3.68638 0.0101386 3.01311 0.00512848 6
452 3.83218 0.0114309 2.90285 0.00433566 7
452 4.02115 0.0132452 2.77366 0.00341902 8
452 4.26915 0.0158582 2.62572 0.00245379 9
452 4.60123 0.0197081 2.46522 0.00187378 10
452 5.05265 0.0249971 2.3392 0.0053625 11
453 3.33051 0.00738889 3.32695 0.00736407 0
453 3.34495 0.00749078 3.31283 0.00726588 1
453 3.37439 0.00770126 3.28444 0.00706779 2
453 3.42002 0.0080347 3.24144 0.00676633 3
453 3.48379 0.00851555 3.18335 0.00635623 4
453 3.56864 0.00918254 3.1095 0.00583046 5
453 3.67892 0.0100964 3.01901 0.00518091 6
453 3.82107 0.0113535 2.91089 0.00440117 7
453 4.00477 0.0131104 2.78418 0.00349722 8
453 4.24498 0.0156275 2.63889 0.0025322 9
453 4.56523 0.0193217 2.47999 0.00186469 10
453 4.9996 0.0245021 2.34432 0.00429196 11
454 3.33051 0.00740448 3.32702 0.00738005 0
454 3.34469 0.00750473 3.31316 0.0072834 1
454 3.37358 0.00771168 3.28527 0.00708845 2
454 3.41834 0.00803921 3.24306 0.00679184 3
454 3.48083 0.00851084 3.18605 0.00638845 4
454 3.56388 0.00916374 3.11358 0.00587146 5
454 3.67164 0.0100559 3.02481 0.00523288 6
454 3.81025 0.0112789 2.91877 0.00446606 7
454 3.98887 0.0129808 2.79451 0.003575 8
454 4.22161 0.0154067 2.65186 0.0026126 9
454 4.53057 0.0189517 2.49481 0.00187619 10
454 4.9484 0.0239914 2.35241 0.00351968 11
454 5.47207 0.0242581 2.69034 0.0897677 12
455 3.33052 0.00742022 3.32709 0.00739618 0
455 3.34444 0.00751884 3.31348 0.00730105 1
455 3.3728 0.00772234 3.2861 0.00710918 2
455 3.4167 0.00804409 3.24466 0.00681734 3
455 3.47793 0.00850672 3.18869 0.00642054 4
455 3.55922 0.00914589 3.11758 0.00591216 5
455 3.66453 0.010017 3.0305 0.00528436 6
455 3.7997 0.0112072 2.9265 0.00453032 7
455 3.97343 0.0128565 2.80464 0.00365231 8
455 4.19901 0.0151953 2.66462 0.00269452 9
455 4.49718 0.0185975 2.5096 0.00190418 10
455 4.89906 0.0234772 2.36265 0.00295954 11
455 5.41683 0.026134 2.51146 0.0451315 12
456 3.33053 0.0074361 3.32716 0.00741244 0
456 3.34419 0.00753314 3.31379 0.0073188 1
456 3.37202 0.00773323 3.28691 0.00712997 2
456 3.41508 0.00804931 3.24622 0.00684281 3
456 3.4751 0.00850314 3.19129 0.0064525 4
456 3.55467 0.00912895 3.1215 0.00595258 5
456 3.65759 0.00997971 3.03608 0.00533538 6
456 3.78944 0.0111382 2.93409 0.00459394 7
456 3.95844 0.012737 2.81459 0.0037291 8
456 4.17714 0.0149929 2.67718 0.00277758 9
456 4.46501 0.0182588 2.52433 0.00194543 10
456 4.85156 0.0229677 2.37445 0.00255369 11
456 5.35787 0.0269085 2.42066 0.0272037 12
457 3.33054 0.00745211 3.32723 0.00742883 0
457 3.34395 0.00754759 3.3141 0.00733666 1
457 3.37127 0.00774436 3.2877 0.00715082 2
457 3.4135 0.00805488 3.24776 0.00686826 3
457 3.47232 0.00850011 3.19384 0.00648432 4
457 3.55021 0.0091129 3.12536 0.00599271 5
457 3.65082 0.00994389 3.04156 0.00538594 6
457 3.77943 0.0110719 2.94153 0.00465693 7
457 3.94387 0.0126221 2.82435 0.0038053 8
457 4.15596 0.014799 2.68952 0.00286143 9
457 4.434 0.0179349 2.53895 0.00199735 10
457 4.80587 0.0224683 2.38739 0.00226216 11
457 5.29772 0.027117 2.37075 0.0179596 12
458 3.33055 0.00746826 3.3273 0.00744534 0
458 3.34372 0.0075622 3.31441 0.00735462 1
458 3.37053 0.0077557 3.28849 0.00717172 2
458 3.41195 0.00806077 3.24927 0.00689369 3
458 3.4696 0.0084976 3.19634 0.006516 4
458 3.54586 0.0090977 3.12914 0.00603256 5
458 3.6442 0.00990951 3.04693 0.00543603 6
458 3.76968 0.011008 2.94883 0.00471929 7
458 3.92972 0.0125118 2.83393 0.00388089 8
458 4.13546 0.0146132 2.70165 0.00294581 9
458 4.4041 0.0176253 2.55344 0.00205786 10
458 4.76193 0.0219826 2.40115 0.00205667 11
458 5.23777 0.0270022 2.34348 0.0125348 12
459 3.33056 0.00748453 3.32737 0.00746197 0
459 3.34349 0.00757696 3.31471 0.00737268 1
459 3.3698 0.00776725 3.28926 0.00719267 2
459 3.41044 0.00806698 3.25075 0.00691909 3
459 3.46694 0.00849559 3.1988 0.00654755 4
459 3.54159 0.00908333 3.13286 0.00607213 5
459 3.63774 0.00987652 3.0522 0.00548567 6
459 3.76018 0.0109466 2.956 0.00478102 7
459 3.91596 0.0124057 2.84332 0.00395584 8
459 4.1156 0.0144351 2.71357 0.00303048 9
459 4.37526 0.0173293 2.56778 0.00212527 10
459 4.71967 0.0215127 2.41549 0.00191679 11
459 5.17881 0.026695 2.33003 0.00909893 12
460 3.33057 0.00750092 3.32744 0.00747872 0
460 3.34326 0.00759187 3.31501 0.00739082 1
460 3.36909 0.00777899 3.29001 0.00721365 2
460 3.40895 0.00807349 3.25221 0.00694445 3
460 3.46433 0.00849406 3.20122 0.00657896 4
460 3.53743 0.00906976 3.1365 0.00611143 5
460 3.63143 0.00984489 3.05738 0.00553486 6
460 3.75092 0.0108874 2.96302 0.00484212 7
460 3.90258 0.0123037 2.85254 0.00403012 8
460 4.09636 0.0142644 2.72527 0.00311525 9
460 4.34743 0.0170463 2.58195 0.00219823 10
460 4.67904 0.0210598 2.43023 0.00182751 11
460 5.12131 0.0262731 2.32556 0.0068138 12
461 3.33058 0.00751742 3.32751 0.00749557 0
461 3.34304 0.0076069 3.3153 0.00740904 1
461 3.36839 0.00779093 3.29076 0.00723468 2
461 3.40749 0.0080803 3.25365 0.00696978 3
461 3.46177 0.00849301 3.20359 0.00661022 4
461 3.53335 0.00905696 3.14008 0.00615045 5
461 3.62526 0.00981454 3.06246 0.0055836 6
461 3.74189 0.0108305 2.96992 0.0049026 7
461 3.88957 0.0122056 2.86159 0.00410371 8
461 4.07771 0.0141006 2.73677 0.00319994 9
461 4.32056 0.0167758 2.59593 0.0022756 10
461 4.63996 0.0206246 2.44522 0.0017776 11
461 5.06553 0.0257846 2.32714 0.00524372 12
462 3.33059 0.00753402 3.32758 0.00751251 0
462 3.34283 0.00762207 3.31559 0.00742735 1
462 3.36771 0.00780305 3.29149 0.00725573 2
462 3.40606 0.00808739 3.25506 0.00699506 3
462 3.45927 0.00849241 3.20592 0.00664135 4
462 3.52936 0.00904491 3.1436 0.00618919 5
462 3.61924 0.00978545 3.06744 0.0056319 6
462 3.73308 0.0107757 2.97669 0.00496245 7
462 3.87692 0.0121112 2.87046 0.00417659 8
462 4.05963 0.0139435 2.74805 0.00328442 9
462 4.29462 0.016517 2.60971 0.00235648 10
462 4.60238 0.0202072 2.46036 0.00175858 11
462 5.0116 0.0252603 2.33294 0.00414133 12
463 3.33061 0.00755072 3.32765 0.00752955 0
463 3.34262 0.00763736 3.31587 0.00744572 1
463 3.36704 0.00781535 3.29221 0.00727681 2
463 3.40466 0.00809475 3.25644 0.0070203 3
463 3.45682 0.00849225 3.20821 0.00667233 4
463 3.52545 0.00903358 3.14705 0.00622765 5
463 3.61335 0.00975757 3.07233 0.00567976 6
463 3.72449 0.010723 2.98332 0.00502168 7
463 3.86461 0.0120204 2.87917 0.00424874 8
463 4.0421 0.0137927 2.75913 0.00336858 9
463 4.26955 0.0162696 2.62329 0.0024401 10
463 4.56621 0.0198074 2.47557 0.00176394 11
463 4.95961 0.0247203 2.34171 0.00335699 12
463 5.45114 0.0261638 2.56552 0.0651883 13
464 3.33062 0.00756751 3.32772 0.00754667 0
464 3.34242 0.00765275 3.31615 0.00746415 1
464 3.36638 0.00782781 3.29292 0.0072979 2
464 3.40329 0.00810237 3.2578 0.00704549 3
464 3.45442 0.00849251 3.21046 0.00670317 4
464 3.52163 0.00902295 3.15043 0.00626584 5
464 3.6076 0.00973084 3.07713 0.00572718 6
464 3.71612 0.0106722 2.98983 0.00508029 7
464 3.85263 0.011933 2.88771 0.00432016 8
464 4.02509 0.0136479 2.77001 0.0034523 9
464 4.24533 0.0160328 2.63665 0.00252583 10
464 4.5314 0.0194248 2.49076 0.00178864 11
464 4.90954 0.0241778 2.35261 0.00279565 12
464 5.39257 0.0274607 2.43857 0.0349159 13
465 3.33064 0.00758438 3.32778 0.00756387 0
465 3.34222 0.00766826 3.31643 0.00748264 1
465 3.36574 0.00784043 3.29362 0.00731901 2
465 3.40195 0.00811024 3.25914 0.00707063 3
465 3.45207 0.00849317 3.21266 0.00673386 4
465 3.51789 0.00901298 3.15376 0.00630376 5
465 3.60198 0.00970524 3.08185 0.00577417 6
465 3.70795 0.0106234 2.99622 0.00513829 7
465 3.84098 0.0118488 2.89608 0.00439083 8
465 4.00858 0.0135088 2.78068 0.00353552 9
465 4.22191 0.0158061 2.6498 0.00261315 10
465 4.49788 0.019059 2.50591 0.00182875 11
465 4.86138 0.0236415 2.36504 0.00239457 12
465 5.33177 0.0278984 2.37337 0.0216044 13
466 3.33066 0.00760132 3.32785 0.00758113 0
466 3.34202 0.00768386 3.3167 0.00750117 1
466 3.36511 0.00785319 3.2943 0.00734013 2
466 3.40063 0.00811834 3.26045 0.00709571 3
466 3.44977 0.00849423 3.21483 0.00676439 4
466 3.51424 0.00900366 3.15702 0.0063414 5
466 3.59649 0.00968071 3.08647 0.00582072 6
466 3.69998 0.0105763 3.00249 0.00519568 7
466 3.82963 0.0117678 2.9043 0.00446076 8
466 3.99256 0.0133753 2.79115 0.00361814 9
466 4.19926 0.0155892 2.66273 0.00270163 10
466 4.4656 0.0187094 2.52095 0.00188115 11
466 4.81508 0.0231168 2.37857 0.00211102 12
466 5.27068 0.0278865 2.33864 0.0144466 13
467 3.33067 0.00761833 3.32792 0.00759846 0
467 3.34183 0.00769955 3.31697 0.00751975 1
467 3.36449 0.00786609 3.29498 0.00736125 2
467 3.39934 0.00812667 3.26174 0.00712073 3
467 3.44751 0.00849566 3.21696 0.00679478 4
467 3.51066 0.00899497 3.16023 0.00637876 5
467 3.59112 0.00965723 3.09101 0.00586685 6
467 3.6922 0.010531 3.00864 0.00525247 7
467 3.81859 0.0116898 2.91236 0.00452994 8
467 3.97701 0.0132469 2.80142 0.00370013 9
467 4.17735 0.0153813 2.67544 0.0027909 10
467 4.4345 0.0183753 2.53586 0.00194336 11
467 4.77058 0.0226073 2.39287 0.00191514 12
467 5.21037 0.0276196 2.32129 0.0101543 13
468 3.33069 0.0076354 3.32799 0.00761584 0
468 3.34165 0.00771532 3.31724 0.00753837 1
468 3.36389 0.00787912 3.29564 0.00738236 2
468 3.39808 0.00813522 3.26301 0.00714567 3
468 3.4453 0.00849744 3.21905 0.006825 4
468 3.50715 0.00898687 3.16338 0.00641585 5
468 3.58587 0.00963475 3.09546 0.00591255 6
468 3.68461 0.0104874 3.01467 0.00530865 7
468 3.80783 0.0116147 2.92027 0.00459835 8
468 3.9619 0.0131235 2.8115 0.00378142 9
468 4.15615 0.0151822 2.68793 0.00288066 10
468 4.40451 0.018056 2.55062 0.0020134 11
468 4.72782 0.0221151 2.40771 0.00178557 12
468 5.15145 0.0272045 2.31473 0.00740465 13
469 3.33071 0.00765253 3.32806 0.00763328 0
469 3.34147 0.00773116 3.3175 0.00755701 1
469 3.3633 0.00789227 3.29629 0.00740347 2
469 3.39684 0.00814397 3.26425 0.00717055 3
469 3.44314 0.00849958 3.22111 0.00685507 4
469 3.50372 0.00897935 3.16647 0.00645266 5
469 3.58074 0.00961323 3.09983 0.00595783 6
469 3.67721 0.0104455 3.02059 0.00536424 7
469 3.79736 0.0115423 2.92802 0.00466601 8
469 3.94723 0.0130048 2.82139 0.00386198 9
469 4.13561 0.0149914 2.70019 0.00297066 10
469 4.3756 0.017751 2.5652 0.00208968 11
469 4.68672 0.0216414 2.42291 0.00170678 12
469 5.09424 0.0267044 2.31522 0.00556631 13
470 3.33073 0.00766969 3.32812 0.00765075 0
470 3.34129 0.00774707 3.31776 0.00757568 1
470 3.36272 0.00790554 3.29693 0.00742455 2
470 3.39563 0.00815291 3.26548 0.00719535 3
470 3.44102 0.00850204 3.22313 0.00688497 4
470 3.50037 0.00897238 3.1695 0.0064892 5
470 3.57573 0.00959264 3.10412 0.00600268 6
470 3.66998 0.010405 3.0264 0.00541923 7
470 3.78715 0.0114725 2.93563 0.00473291 8
470 3.93297 0.0128907 2.83109 0.00394177 9
470 4.11573 0.0148084 2.71224 0.00306068 10
470 4.3477 0.0174594 2.57959 0.00217088 11
470 4.64722 0.0211867 2.43833 0.00166722 12
470 5.03893 0.0261584 2.3205 0.00430236 13
471 3.33075 0.0076869 3.32819 0.00766825 0
471 3.34112 0.00776304 3.31801 0.00759436 1
471 3.36215 0.0079189 3.29756 0.00744561 2
471 3.39444 0.00816203 3.26668 0.00722006 3
471 3.43895 0.00850482 3.22511 0.00691471 4
471 3.49708 0.00896595 3.17248 0.00652546 5
471 3.57082 0.00957294 3.10833 0.00604712 6
471 3.66292 0.0103661 3.03209 0.00547363 7
471 3.77721 0.0114052 2.94309 0.00479905 8
471 3.91912 0.0127808 2.8406 0.00402077 9
471 4.09647 0.0146328 2.72406 0.00315053 10
471 4.32078 0.0171806 2.59377 0.00225596 11
471 4.60924 0.020751 2.45387 0.00165823 12
471 4.98561 0.0255915 2.3291 0.00341796 13
471 5.44982 0.027141 2.52784 0.0627828 14
472 3.33077 0.00770413 3.32826 0.00768578 0
472 3.34095 0.00777905 3.31826 0.00761304 1
472 3.36159 0.00793236 3.29819 0.00746664 2
472 3.39327 0.00817133 3.26787 0.00724469 3
472 3.43691 0.00850789 3.22705 0.00694427 4
472 3.49387 0.00896003 3.1754 0.00656144 5
472 3.56603 0.0095541 3.11246 0.00609113 6
472 3.65603 0.0103286 3.03768 0.00552744 7
472 3.76752 0.0113404 2.95041 0.00486443 8
472 3.90565 0.0126751 2.84993 0.00409894 9
472 4.0778 0.0144644 2.73567 0.00324008 10
472 4.29479 0.016914 2.60774 0.00234405 11
472 4.57272 0.0203341 2.46944 0.00167323 12
472 4.93428 0.0250195 2.34004 0.00279365 13
472 5.38989 0.0283547 2.41037 0.0330256 14
473 3.3308 0.00772139 3.32833 0.00770332 0
473 3.34079 0.00779511 3.31851 0.00763173 1
473 3.36105 0.0079459 3.2988 0.00748764 2
473 3.39213 0.00818078 3.26903 0.00726922 3
473 3.43492 0.00851126 3.22897 0.00697367 4
473 3.49072 0.0089546 3.17827 0.00659713 5
473 3.56134 0.00953609 3.11652 0.00613472 6
473 3.6493 0.0102925 3.04317 0.00558067 7
473 3.75808 0.0112779 2.95759 0.00492906 8
473 3.89256 0.0125733 2.85909 0.00417628 9
473 4.0597 0.0143027 2.74706 0.00332918 10
473 4.26969 0.016659 2.62149 0.00243443 11
473 4.53757 0.0199354 2.48497 0.00170712 12
473 4.88492 0.0244527 2.35264 0.00235277 13
473 5.32805 0.0287043 2.35176 0.0201922 14
474 3.33082 0.00773866 3.3284 0.00772087 0
474 3.34063 0.0078112 3.31876 0.0076504 1
474 3.36052 0.00795951 3.2994 0.00750858 2
474 3.39101 0.00819039 3.27017 0.00729365 3
474 3.43297 0.00851489 3.23085 0.00700288 4
474 3.48764 0.00894964 3.18109 0.00663254 5
474 3.55676 0.00951888 3.1205 0.0061779 6
474 3.64273 0.0102577 3.04855 0.00563332 7
474 3.74888 0.0112176 2.96463 0.00499293 8
474 3.87983 0.0124753 2.86806 0.00425276 9
474 4.04216 0.0141474 2.75823 0.00341775 10
474 4.24543 0.016415 2.63502 0.00252652 11
474 4.50375 0.0195545 2.50043 0.00175596 12
474 4.8375 0.0238978 2.3664 0.00204432 13
474 5.26621 0.0286146 2.32178 0.0133748 14
475 3.33084 0.00775593 3.32846 0.00773843 0
475 3.34048 0.00782731 3.319 0.00766906 1
475 3.35999 0.0079732 3.29999 0.00752948 2
475 3.38991 0.00820013 3.2713 0.00731798 3
475 3.43106 0.00851878 3.23269 0.00703191 4
475 3.48462 0.00894514 3.18386 0.00666767 5
475 3.55228 0.00950242 3.12441 0.00622066 6
475 3.63632 0.0102242 3.05383 0.00568539 7
475 3.73991 0.0111595 2.97154 0.00505605 8
475 3.86744 0.0123808 2.87687 0.00432837 9
475 4.02514 0.0139982 2.7692 0.00350568 10
475 4.22198 0.0161814 2.64832 0.00261982 11
475 4.47118 0.0191905 2.51577 0.00181663 12
475 4.79195 0.0233587 2.381 0.00183332 13
475 5.20536 0.0282818 2.30797 0.00932422 14
476 3.33087 0.0077732 3.32853 0.00775598 0
476 3.34033 0.00784344 3.31924 0.0076877 1
476 3.35948 0.00798693 3.30057 0.00755032 2
476 3.38884 0.00821 3.2724 0.00734219 3
476 3.42918 0.00852291 3.2345 0.00706075 4
476 3.48167 0.00894106 3.18658 0.00670251 5
476 3.54789 0.0094867 3.12824 0.006263 6
476 3.63005 0.0101919 3.05901 0.00573689 7
476 3.73116 0.0111034 2.97831 0.00511843 8
476 3.85539 0.0122898 2.8855 0.00440311 9
476 4.00862 0.0138548 2.77995 0.0035929 10
476 4.1993 0.0159577 2.66138 0.00271393 11
476 4.43982 0.0188429 2.53095 0.00188667 12
476 4.7482 0.022838 2.39616 0.00169517 13
476 5.14607 0.0278117 2.3041 0.00674973 14
477 3.33089 0.00779047 3.3286 0.00777351 0
477 3.34018 0.00785958 3.31947 0.00770631 1
477 3.35898 0.00800072 3.30115 0.0075711 2
477 3.38778 0.00821998 3.27349 0.00736629 3
477 3.42735 0.00852728 3.23628 0.0070894 4
477 3.47878 0.00893739 3.18925 0.00673706 5
477 3.54361 0.00947169 3.13201 0.00630493 6
477 3.62393 0.0101608 3.0641 0.00578781 7
477 3.72263 0.0110492 2.98496 0.00518005 8
477 3.84367 0.012202 2.89397 0.00447697 9
477 3.9926 0.0137169 2.7905 0.00367934 10
477 4.17737 0.0157434 2.67422 0.00280852 11
477 4.40959 0.0185107 2.54596 0.00196412 12
477 4.70617 0.022337 2.41169 0.00161222 13
477 5.08861 0.0272655 2.3067 0.0050415 14
478 3.33092 0.00780771 3.32867 0.00779102 0
478 3.34004 0.00787572 3.3197 0.00772487 1
478 3.35849 0.00801454 3.30171 0.0075918 2
478 3.38675 0.00823007 3.27455 0.00739026 3
478 3.42555 0.00853186 3.23803 0.00711786 4
478 3.47595 0.00893412 3.19187 0.00677131 5
478 3.53941 0.00945735 3.1357 0.00634643 6
478 3.61795 0.0101309 3.06908 0.00583816 7
478 3.71431 0.010997 2.99148 0.00524094 8
478 3.83225 0.0121174 2.90227 0.00454993 9
478 3.97704 0.0135843 2.80085 0.00376496 10
478 4.15614 0.015538 2.68682 0.0029033 11
478 4.38045 0.0181934 2.56078 0.0020474 12
478 4.6658 0.0218562 2.42744 0.00157153 13
478 5.03316 0.0266808 2.31365 0.00387628 14
478 5.47481 0.0269876 2.58279 0.0899655 15
479 3.33095 0.00782493 3.32873 0.0078085 0
479 3.3399 0.00789184 3.31993 0.00774339 1
479 3.35801 0.00802839 3.30226 0.00761243 2
479 3.38574 0.00824025 3.2756 0.00741411 3
479 3.42379 0.00853664 3.23975 0.00714611 4
479 3.47318 0.00893121 3.19444 0.00680527 5
479 3.53531 0.00944365 3.13933 0.00638752 6
479 3.61211 0.010102 3.07398 0.00588795 7
479 3.7062 0.0109465 2.99787 0.00530108 8
479 3.82114 0.0120357 2.91042 0.00462201 9
479 3.96193 0.0134566 2.811 0.00384972 10
479 4.1356 0.015341 2.6992 0.00299803 11
479 4.35234 0.0178902 2.57539 0.00213523 12
479 4.627 0.0213957 2.44331 0.00156349 13
479 4.97975 0.0260809 2.32359 0.00306835 14
479 5.41548 0.0288233 2.42531 0.0410142 15
480 3.33098 0.00784211 3.3288 0.00782595 0
480 3.33976 0.00790795 3.32016 0.00776186 1
480 3.35755 0.00804226 3.30281 0.00763297 2
480 3.38475 0.00825052 3.27663 0.00743782 3
480 3.42207 0.0085416 3.24144 0.00717416 4
480 3.47046 0.00892867 3.19697 0.00683893 5
480 3.5313 0.00943057 3.14289 0.00642819 6
480 3.6064 0.0100742 3.07878 0.00593716 7
480 3.69828 0.0108978 3.00415 0.00536049 8
480 3.81033 0.0119569 2.9184 0.00469319 9
480 3.94725 0.0133338 2.82096 0.00393357 10
480 4.1157 0.015152 2.71134 0.00309253 11
480 4.32522 0.0176003 2.58978 0.00222657 12
480 4.58971 0.0209553 2.45921 0.00158084 13
480 4.9284 0.0254806 2.33562 0.00250435 14
480 5.35316 0.0293977 2.35275 0.0234436 15
481 3.331 0.00785925 3.32887 0.00784334 0
481 3.33963 0.00792404 3.32038 0.00778027 1
481 3.35709 0.00805614 3.30335 0.00765342 2
481 3.38378 0.00826086 3.27765 0.00746138 3
481 3.42038 0.00854675 3.2431 0.007202 4
481 3.4678 0.00892646 3.19945 0.00687229 5
481 3.52737 0.00941809 3.14639 0.00646844 6
481 3.60083 0.0100473 3.0835 0.00598582 7
481 3.69056 0.0108507 3.0103 0.00541917 8
481 3.79979 0.0118809 2.92624 0.00476348 9
481 3.933 0.0132155 2.83072 0.00401648 10
481 4.09643 0.0149706 2.72326 0.00318662 11
481 4.29905 0.0173232 2.60394 0.00232059 12
481 4.55385 0.0205343 2.47507 0.00161806 13
481 4.87907 0.0248893 2.34911 0.00211184 14
481 5.29041 0.0293942 2.31679 0.0149085 15
482 3.33103 0.00787634 3.32894 0.00786068 0
482 3.3395 0.00794009 3.3206 0.0077986 1
482 3.35664 0.00807002 3.30388 0.00767376 2
482 3.38283 0.00827127 3.27864 0.0074848 3
482 3.41872 0.00855205 3.24473 0.00722962 4
482 3.4652 0.00892457 3.20189 0.00690535 5
482 3.52353 0.00940617 3.14982 0.00650828 6
482 3.59538 0.0100214 3.08812 0.00603391 7
482 3.68302 0.0108052 3.01634 0.00547712 8
482 3.78953 0.0118075 2.93392 0.00483288 9
482 3.91915 0.0131015 2.84029 0.00409843 10
482 4.07775 0.0147965 2.73496 0.00328016 11
482 4.27377 0.017058 2.61787 0.00241657 12
482 4.51935 0.0201322 2.49084 0.00167086 13
482 4.8317 0.0243128 2.36363 0.00184274 14
482 5.22849 0.0290874 2.30017 0.0100948 15
483 3.33106 0.00789337 3.32901 0.00787796 0
483 3.33938 0.00795609 3.32082 0.00781686 1
483 3.3562 0.0080839 3.3044 0.007694 2
483 3.3819 0.00828172 3.27962 0.00750807 3
483 3.4171 0.00855751 3.24633 0.00725702 4
483 3.46266 0.00892298 3.20428 0.00693809 5
483 3.51977 0.0093948 3.15319 0.00654769 6
483 3.59005 0.00999647 3.09266 0.00608144 7
483 3.67566 0.0107612 3.02226 0.00553434 8
483 3.77954 0.0117365 2.94145 0.00490138 9
483 3.90568 0.0129916 2.84968 0.00417941 10
483 4.05965 0.0146292 2.74643 0.00337305 11
483 4.24935 0.0168042 2.63157 0.00251397 12
483 4.48614 0.0197482 2.50648 0.0017359 13
483 4.78623 0.0237546 2.37885 0.0016642 14
483 5.16807 0.028614 2.29498 0.0071379 15
484 3.33109 0.00791033 3.32907 0.00789517 0
484 3.33926 0.00797204 3.32104 0.00783503 1
484 3.35577 0.00809775 3.30491 0.00771412 2
484 3.38099 0.00829222 3.28059 0.00753117 3
484 3.41551 0.0085631 3.2479 0.0072842 4
484 3.46016 0.00892167 3.20664 0.00697052 5
484 3.51609 0.00938394 3.15649 0.00658667 6
484 3.58484 0.00997239 3.09712 0.00612841 7
484 3.66848 0.0107187 3.02807 0.00559084 8
484 3.7698 0.011668 2.94884 0.00496899 9
484 3.89259 0.0128857 2.85889 0.00425939 10
484 4.0421 0.0144684 2.75768 0.00346518 11
484 4.22575 0.0165612 2.64503 0.00261229 12
484 4.45418 0.0193815 2.52196 0.00181056 13
484 4.74257 0.0232169 2.39454 0.00155316 14
484 5.10951 0.0280499 2.29699 0.00522285 15
485 3.33112 0.00792722 3.32914 0.00791229 0
485 3.33914 0.00798794 3.32125 0.00785311 1
485 3.35535 0.00811158 3.30541 0.00773412 2
485 3.3801 0.00830275 3.28153 0.0075541 3
485 3.41395 0.00856881 3.24945 0.00731114 4
485 3.45772 0.00892063 3.20894 0.00700264 5
485 3.51249 0.00937357 3.15974 0.00662524 6
485 3.57975 0.00994915 3.10149 0.00617482 7
485 3.66148 0.0106776 3.03377 0.00564662 8
485 3.76031 0.0116018 2.95609 0.00503571 9
485 3.87986 0.0127835 2.86791 0.00433837 10
485 4.02508 0.0143137 2.76872 0.00355647 11
485 4.20293 0.0163285 2.65825 0.00271115 12
485 4.42338 0.0190313 2.53725 0.00189276 13
485 4.70066 0.0227005 2.41052 0.0014931 14
485 5.05298 0.0274399 2.30375 0.00394023 15
485 5.47284 0.0279389 2.54326 0.085258 16
486 3.33116 0.00794402 3.32921 0.00792933 0
486 3.33903 0.00800376 3.32146 0.00787108 1
486 3.35493 0.00812537 3.30591 0.00775399 2
486 3.37922 0.00831329 3.28246 0.00757686 3
486 3.41243 0.00857464 3.25097 0.00733785 4
486 3.45533 0.00891984 3.21121 0.00703444 5
486 3.50897 0.00936367 3.16293 0.00666337 6
486 3.57478 0.00992673 3.10578 0.00622067 7
486 3.65463 0.0106378 3.03936 0.00570169 8
486 3.75106 0.0115378 2.9632 0.00510154 9
486 3.86748 0.012685 2.87677 0.00441633 10
486 4.00856 0.014165 2.77955 0.00364686 11
486 4.18087 0.0161054 2.67123 0.00281023 12
486 4.39371 0.0186967 2.55234 0.00198083 13
486 4.6604 0.0222057 2.42667 0.00147195 14
486 4.99857 0.0268113 2.31373 0.00306374 15
486 5.41216 0.029646 2.39877 0.0384763 16
487 3.33119 0.00796073 3.32928 0.00794628 0
487 3.33892 0.00801951 3.32167 0.00788895 1
487 3.35453 0.00813912 3.3064 0.00777372 2
487 3.37836 0.00832385 3.28338 0.00759944 3
487 3.41093 0.00858056 3.25246 0.00736432 4
487 3.45298 0.00891929 3.21344 0.00706591 5
487 3.50552 0.00935422 3.16606 0.00670108 6
487 3.56991 0.00990507 3.10999 0.00626596 7
487 3.64795 0.0105994 3.04484 0.00575604 8
487 3.74205 0.0114758 2.97017 0.00516649 9
487 3.85543 0.0125898 2.88544 0.00449327 10
487 3.99254 0.0140218 2.79016 0.00373629 11
487 4.15952 0.0158915 2.68397 0.00290926 12
487 4.3651 0.0183771 2.56721 0.00207344 13
487 4.62173 0.0217324 2.44287 0.00148072 14
487 4.94626 0.0261812 2.32592 0.00245933 15
487 5.34891 0.0301129 2.33363 0.0218231 16
488 3.33122 0.00797734 3.32935 0.00796312 0
488 3.33881 0.00803517 3.32187 0.0079067 1
488 3.35414 0.00815281 3.30688 0.00779331 2
488 3.37752 0.00833441 3.28428 0.00762183 3
488 3.40947 0.00858657 3.25393 0.00739053 4
488 3.45069 0.00891896 3.21562 0.00709706 5
488 3.50215 0.00934518 3.16913 0.00673836 6
488 3.56516 0.00988415 3.11412 0.0063107 7
488 3.64143 0.0105621 3.05023 0.00580968 8
488 3.73326 0.0114159 2.977 0.00523056 9
488 3.84371 0.0124979 2.89396 0.00456918 10
488 3.97698 0.013884 2.80057 0.00382471 11
488 4.13885 0.0156863 2.69648 0.003008 12
488 4.3375 0.0180716 2.58186 0.0021695 13
488 4.58457 0.0212801 2.45905 0.00151267 14
488 4.89603 0.0255601 2.33965 0.00204324 15
488 5.28552 0.0300237 2.30251 0.0137806 16
489 3.33126 0.00799384 3.32941 0.00797984 0
489 3.3387 0.00805073 3.32208 0.00792432 1
489 3.35375 0.00816644 3.30736 0.00781274 2
489 3.3767 0.00834495 3.28517 0.00764402 3
489 3.40803 0.00859265 3.25537 0.00741649 4
489 3.44844 0.00891882 3.21777 0.00712787 5
489 3.49885 0.00933655 3.17214 0.00677521 6
489 3.56051 0.00986394 3.11817 0.00635488 7
489 3.63506 0.0105261 3.05551 0.00586261 8
489 3.72469 0.0113579 2.98371 0.00529375 9
489 3.83231 0.0124091 2.9023 0.00464406 10
489 3.96187 0.0137512 2.81078 0.00391209 11
489 4.11884 0.0154893 2.70875 0.00310629 12
489 4.31087 0.0177795 2.59627 0.00226813 13
489 4.54884 0.0208482 2.47515 0.00156266 14
489 4.84783 0.0249545 2.35444 0.00176096 15
489 5.22317 0.0296485 2.28928 0.00926802 16
490 3.33129 0.00801022 3.32948 0.00799645 0
490 3.3386 0.0080662 3.32228 0.00794181 1
490 3.35337 0.00818 3.30782 0.00783202 2
490 3.37589 0.00835548 3.28604 0.00766602 3
490 3.40663 0.00859879 3.25678 0.0074422 4
490 3.44624 0.00891888 3.21988 0.00715835 5
490 3.49562 0.0093283 3.1751 0.00681162 6
490 3.55596 0.0098444 3.12216 0.0063985 7
490 3.62884 0.0104911 3.06069 0.00591483 8
490 3.71633 0.0113018 2.99029 0.00535606 9
490 3.8212 0.0123233 2.91048 0.0047179 10
490 3.9472 0.0136233 2.82079 0.0039984 11
490 4.09947 0.0153002 2.72078 0.00320395 12
490 4.28517 0.0175001 2.61044 0.00236861 13
490 4.51448 0.0204358 2.49114 0.00162669 14
490 4.80157 0.0243684 2.36996 0.00157579 15
490 5.16249 0.0291201 2.28656 0.00651023 16
491 3.33133 0.00802648 3.32955 0.00801293 0
491 3.33851 0.00808155 3.32247 0.00795916 1
491 3.353 0.00819347 3.30828 0.00785112 2
491 3.3751 0.00836597 3.28689 0.0076878 3
491 3.40525 0.00860498 3.25817 0.00746763 4
491 3.44408 0.0089191 3.22195 0.00718848 5
491 3.49246 0.0093204 3.17801 0.00684759 6
491 3.55152 0.0098255 3.12606 0.00644156 7
491 3.62276 0.0104573 3.06577 0.00596635 8
491 3.70818 0.0112474 2.99674 0.00541751 9
491 3.81039 0.0122404 2.91851 0.00479072 10
491 3.93295 0.0134999 2.8306 0.00408361 11
491 4.08069 0.0151184 2.73259 0.00330087 12
491 4.26034 0.0172326 2.62436 0.00247035 13
491 4.48141 0.0200421 2.50696 0.00170169 14
491 4.75719 0.0238039 2.38594 0.00146232 15
491 5.10378 0.0285111 2.29045 0.00473404 16
492 3.33136 0.0080426 3.32962 0.00802927 0
492 3.33841 0.00809678 3.32267 0.00797636 1
492 3.35264 0.00820686 3.30874 0.00787005 2
492 3.37433 0.00837643 3.28773 0.00770937 3
492 3.4039 0.0086112 3.25954 0.0074928 4
492 3.44197 0.00891948 3.22399 0.00721828 5
492 3.48936 0.00931285 3.18086 0.00688313 6
492 3.54717 0.00980722 3.1299 0.00648406 7
492 3.61683 0.0104244 3.07076 0.00601717 8
492 3.70022 0.0111947 3.00306 0.00547808 9
492 3.79987 0.0121602 2.92638 0.0048625 10
492 3.9191 0.0133809 2.84022 0.00416769 11
492 4.0625 0.0149438 2.74417 0.00339692 12
492 4.23636 0.0169765 2.63804 0.00257288 13
492 4.44957 0.0196662 2.5226 0.00178522 14
492 4.71459 0.0232621 2.40222 0.00140252 15
492 5.04718 0.0278639 2.29866 0.00355216 16
492 5.44535 0.0297113 2.43798 0.0550897 17
493 3.3314 0.00805858 3.32969 0.00804546 0
493 3.33832 0.00811188 3.32286 0.0079934 1
493 3.35229 0.00822014 3.30918 0.0078888 2
493 3.37357 0.00838683 3.28856 0.00773072 3
493 3.40258 0.00861745 3.26088 0.00751769 4
493 3.4399 0.00892 3.22599 0.00724772 5
493 3.48633 0.00930561 3.18367 0.00691822 6
493 3.54292 0.00978952 3.13366 0.00652601 7
493 3.61103 0.0103926 3.07565 0.00606729 8
493 3.69247 0.0111436 3.00927 0.0055378 9
493 3.78961 0.0120825 2.93409 0.00493325 10
493 3.90564 0.013266 2.84965 0.00425065 11
493 4.04486 0.0147757 2.75552 0.00349203 12
493 4.21318 0.0167312 2.65147 0.0026758 13
493 4.41891 0.0193073 2.53804 0.00187535 14
493 4.6737 0.0227433 2.41865 0.00138337 15
493 4.99276 0.0272041 2.30978 0.00275102 16
493 5.38213 0.0306373 2.3455 0.0278596 17
494 3.33144 0.00807441 3.32975 0.0080615 0
494 3.33823 0.00812684 3.32306 0.00801027 1
494 3.35194 0.00823331 3.30962 0.00790736 2
494 3.37283 0.00839717 3.28937 0.00775184 3
494 3.40129 0.00862372 3.2622 0.0075423 4
494 3.43788 0.00892065 3.22795 0.0072768 5
494 3.48337 0.00929866 3.18642 0.00695287 6
494 3.53876 0.00977237 3.13735 0.00656739 7
494 3.60536 0.0103617 3.08045 0.00611671 8
494 3.6849 0.0110941 3.01536 0.00559665 9
494 3.77963 0.0120074 2.94166 0.00500297 10
494 3.89256 0.0131552 2.8589 0.00433245 11
494 4.02775 0.0146141 2.76666 0.00358612 12
494 4.19077 0.016496 2.66465 0.00277876 13
494 4.38936 0.0189645 2.55325 0.00197054 14
494 4.63444 0.0222472 2.43514 0.00139526 15
494 4.94049 0.0265473 2.32289 0.00220444 16
494 5.31793 0.0307284 2.3031 0.0165566 17
495 3.33148 0.00809009 3.32982 0.00807738 0
495 3.33815 0.00814166 3.32324 0.00802697 1
495 3.35161 0.00824637 3.31005 0.00792572 2
495 3.3721 0.00840744 3.29018 0.00777272 3
495 3.40002 0.00862998 3.2635 0.00756661 4
495 3.43589 0.00892141 3.22988 0.00730553 5
495 3.48046 0.009292 3.18912 0.00698707 6
495 3.53469 0.00975575 3.14098 0.00660822 7
495 3.59982 0.0103317 3.08516 0.00616543 8
495 3.67751 0.011046 3.02133 0.00565465 9
495 3.7699 0.0119346 2.94908 0.00507167 10
495 3.87984 0.013048 2.86797 0.0044131 11
495 4.01116 0.0144584 2.77757 0.00367912 12
495 4.16909 0.0162704 2.67759 0.00288151 13
495 4.36088 0.018637 2.56823 0.00206956 14
495 4.59672 0.0217734 2.45159 0.00143101 15
495 4.89033 0.0259031 2.33737 0.00183369 16
495 5.25442 0.0304238 2.28441 0.0107016 17
496 3.33151 0.00810559 3.32989 0.00809309 0
496 3.33806 0.00815633 3.32343 0.00804349 1
496 3.35128 0.0082593 3.31048 0.00794387 2
496 3.37139 0.00841763 3.29096 0.00779336 3
496 3.39878 0.00863624 3.26478 0.00759064 4
496 3.43395 0.00892227 3.23178 0.0073339 5
496 3.47762 0.00928559 3.19177 0.00702081 6
496 3.53071 0.00973963 3.14454 0.00664849 7
496 3.59441 0.0103026 3.08978 0.00621346 8
496 3.6703 0.0109994 3.02718 0.0057118 9
496 3.76041 0.0118641 2.95635 0.00513935 10
496 3.86746 0.0129445 2.87686 0.00449258 11
496 3.99505 0.0143085 2.78827 0.00377099 12
496 4.14811 0.016054 2.69028 0.00298381 13
496 4.33341 0.0183239 2.58297 0.00217141 14
496 4.56046 0.0213211 2.46796 0.0014852 15
496 4.84222 0.0252774 2.35277 0.00158762 16
496 5.19243 0.0299145 2.27882 0.00729304 17
497 3.33155 0.00812092 3.32996 0.00810863 0
497 3.33798 0.00817083 3.32362 0.00805983 1
497 3.35095 0.00827209 3.3109 0.00796181 2
497 3.37069 0.00842772 3.29174 0.00781375 3
497 3.39756 0.00864248 3.26603 0.00761436 4
497 3.43205 0.00892321 3.23364 0.00736189 5
497 3.47484 0.00927942 3.19438 0.0070541 6
497 3.52681 0.00972399 3.14803 0.00668819 7
497 3.58912 0.0102743 3.09432 0.0062608 8
497 3.66326 0.0109541 3.03293 0.0057681 9
497 3.75117 0.0117958 2.96348 0.005206 10
497 3.85542 0.0128445 2.88557 0.0045709 11
497 3.97943 0.014164 2.79877 0.00386168 12
497 4.1278 0.0158462 2.70273 0.00308547 13
497 4.30691 0.0180244 2.59746 0.00227528 14
497 4.52561 0.0208894 2.4842 0.00155366 15
497 4.79607 0.0246735 2.36879 0.00143184 16
497 5.13238 0.0292988 2.28114 0.00516736 17
498 3.33159 0.00813607 3.33003 0.00812397 0
498 3.33791 0.00818516 3.3238 0.00807596 1
498 3.35064 0.00828474 3.31131 0.00797953 2
498 3.37001 0.00843772 3.2925 0.00783388 3
498 3.39637 0.00864868 3.26726 0.00763777 4
498 3.43018 0.00892423 3.23547 0.00738952 5
498 3.47211 0.00927348 3.19694 0.00708694 6
498 3.523 0.00970879 3.15146 0.00672733 7
498 3.58395 0.0102468 3.09877 0.00630744 8
498 3.65639 0.0109101 3.03857 0.00582355 9
498 3.74217 0.0117295 2.97048 0.00527164 10
498 3.84371 0.0127477 2.89412 0.00464805 11
498 3.96425 0.0140247 2.80906 0.00395117 12
498 4.10814 0.0156466 2.71494 0.00318635 13
498 4.28132 0.0177379 2.6117 0.00238051 14
498 4.49208 0.0204774 2.50027 0.00163315 15
498 4.75181 0.0240931 2.3852 0.00134256 16
498 5.07446 0.0286315 2.28852 0.00378457 17
498 5.45578 0.0301001 2.44091 0.0620446 18
499 3.33163 0.00815103 3.3301 0.00813913 0
499 3.33783 0.00819931 3.32398 0.00809189 1
499 3.35033 0.00829724 3.31172 0.00799702 2
499 3.36934 0.00844761 3.29325 0.00785375 3
499 3.3952 0.00865484 3.26847 0.00766087 4
499 3.42836 0.0089253 3.23726 0.00741676 5
499 3.46945 0.00926774 3.19945 0.00711931 6
499 3.51928 0.00969402 3.15482 0.0067659 7
499 3.5789 0.0102201 3.10314 0.00635339 8
499 3.64968 0.0108674 3.04409 0.00587816 9
499 3.73339 0.0116653 2.97734 0.00533627 10
499 3.83231 0.012654 2.90249 0.00472402 11
499 3.94952 0.0138903 2.81914 0.00403942 12
499 4.08909 0.0154547 2.72692 0.00328632 13
499 4.25661 0.0174636 2.62569 0.00248658 14
499 4.45981 0.0200842 2.51614 0.00172116 15
499 4.70935 0.0235369 2.40183 0.00130292 16
499 5.01875 0.0279446 2.29922 0.00286246 17
499 5.39213 0.0311839 2.34027 0.0295527 18
