100.000000 96.125500 92.401100 88.821100 85.379700 82.071700 78.891800 75.835200 72.897000 70.072600 67.357600 64.747900 62.239200 59.827800 57.509800 55.281600 53.139700 51.080800 49.101700 47.199200 45.370500 43.612600 41.922900 40.298600 38.737200 37.236400 35.793600 34.406800 33.073700 31.792300 30.560500 29.376400 28.238300 27.144200 26.092500 25.081500 24.109800 23.175600 22.277700 21.414500 20.584800 19.787300 19.020600 18.283700 17.575300 16.894300 16.239800 15.610600 15.005700 14.424300 13.865500 13.328200 12.811800 12.315500 11.838300 11.379600 10.938700 10.514900 10.107500 9.715890 9.339450 8.977590 8.629760 8.295400 7.974000 7.665040 7.368060 7.082590 6.808180 6.544390 6.290830 6.047100 5.812800 5.587590 5.371100 5.162990 4.962950 4.770660 4.585830 4.408150 4.237360 4.073180 3.915370 3.763670 3.617840 3.477670 3.342930 3.213410 3.088900 2.969230 2.854180 2.743600 2.637300 2.535120 2.436890 2.342480 2.251720 2.164480 2.080610 2.000000 
0 4.35595 3.66177 0
1 4.32148 3.56212 0
2 4.28295 3.45214 0
3 4.23983 3.33247 0
4 4.19155 3.20433 0
5 4.13764 3.07035 0
6 4.07783 2.9344 0
7 4.01213 2.80119 0
8 3.94098 2.67608 0
9 3.8653 2.56384 0
10 3.78644 2.46818 0
11 3.70603 2.39045 0
12 3.62578 2.33044 0
13 3.54722 2.28665 0
14 3.4716 2.25699 0
15 3.39981 2.23899 0
16 3.33243 2.23062 0
17 3.26978 2.23009 0
18 3.21196 2.23608 0
19 3.15896 2.24744 0
20 3.11066 2.26326 0
21 3.06685 2.28285 0
22 3.02733 2.30528 0
23 2.99183 2.32999 0
24 2.96008 2.35635 0
25 2.9318 2.38361 0
26 2.9067 2.41134 0
27 2.88452 2.43906 0
28 2.86498 2.46625 0
29 2.84783 2.49254 0
30 2.83283 2.51784 0
31 2.81975 2.54195 0
32 2.8084 2.56455 0
33 2.79859 2.58555 0
34 2.79013 2.60505 0
35 2.78287 2.62292 0
36 2.77667 2.63914 0
37 2.7714 2.65401 0
38 2.76694 2.66723 0
39 2.76319 2.67907 0
40 2.76006 2.68951 0
41 2.75745 2.69886 0
42 2.7553 2.70679 0
43 2.75353 2.71378 0
44 2.7521 2.71999 0
45 2.75094 2.72496 0
46 2.75001 2.72923 0
47 2.74928 2.73296 0
48 2.7487 2.73588 0
49 2.74825 2.73832 0
50 2.74791 2.74042 0
51 2.74765 2.74196 0
52 2.74745 2.74304 0
53 2.74731 2.74416 0
54 2.7472 2.74488 0
55 2.74712 2.74555 0
56 2.74707 2.74589 0
57 2.74703 2.74626 0
58 2.747 2.74648 0
59 2.74699 2.74672 0
60 2.74698 2.74677 0
61 2.74697 2.7468 0
62 2.74696 2.74673 0
63 2.74696 2.74672 0
64 2.74696 2.74675 0
65 2.74696 2.74677 0
66 2.74696 2.74682 0
67 2.74696 2.74679 0
68 2.74696 2.74679 0
69 2.74696 2.74679 0
70 2.74696 2.74681 0
71 2.74696 2.7468 0
72 2.74696 2.7468 0
73 2.74696 2.74678 0
74 2.74696 2.74678 0
75 2.74696 2.74684 0
76 2.74696 2.74681 0
77 2.74696 2.74677 0
78 2.74696 2.74678 0
79 2.74696 2.74681 0
80 2.74696 2.74678 0
81 2.74696 2.74681 0
82 2.74696 2.74678 0
83 2.74696 2.74679 0
84 2.74696 2.74681 0
85 2.74696 2.74681 0
86 2.74696 2.74677 0
87 2.74696 2.74707 0
88 2.74696 2.74711 0
89 2.74696 2.74712 0
90 2.74696 2.74715 0
91 2.74696 2.7471 0
92 2.74696 2.74715 0
93 2.74696 2.7471 0
94 2.74696 2.74714 0
95 2.74696 2.74712 0
96 2.74696 2.74712 0
97 2.74696 2.74712 0
98 2.74696 2.74712 0
99 2.74696 2.74712 0
0 0 0 1
1 0 0 1
2 0 0 1
3 0 0 1
4 0 0 1
5 0 0 1
6 0 0 1
7 0 0 1
8 0 0 1
9 0 0 1
10 0 0 1
11 0 0 1
12 5.38978 4.60662 1
13 5.33744 4.12243 1
14 5.27203 3.99017 1
15 5.2055 3.94688 1
16 5.14137 3.93073 1
17 5.08037 3.91932 1
18 5.02227 3.90374 1
19 4.96641 3.87967 1
20 4.9121 3.84641 1
21 4.85863 3.80355 1
22 4.8054 3.75251 1
23 4.75194 3.6951 1
24 4.69791 3.63375 1
25 4.64319 3.57133 1
26 4.58782 3.51071 1
27 4.53206 3.45483 1
28 4.4763 3.4062 1
29 4.4211 3.3663 1
30 4.367 3.33524 1
31 4.31453 3.31314 1
32 4.2641 3.29881 1
33 4.21594 3.28894 1
34 4.17015 3.28175 1
35 4.12662 3.27396 1
36 4.0851 3.26346 1
37 4.04523 3.24834 1
38 4.00649 3.22472 1
39 3.96824 3.19036 1
40 3.92974 3.14263 1
41 3.89013 3.07915 1
42 3.84846 3.00025 1
43 3.80389 2.90864 1
44 3.75582 2.81096 1
45 3.70426 2.71825 1
46 3.65008 2.64233 1
47 3.5948 2.58883 1
48 3.54022 2.55872 1
49 3.48796 2.55005 1
50 3.43911 2.55664 1
51 3.39422 2.573 1
52 3.3535 2.5963 1
53 3.31683 2.62237 1
54 3.28399 2.65013 1
55 3.25464 2.67825 1
56 3.22848 2.70497 1
57 3.20517 2.7308 1
58 3.18439 2.75511 1
59 3.16587 2.77773 1
60 3.14934 2.79852 1
61 3.13459 2.81765 1
62 3.12141 2.83528 1
63 3.10963 2.85089 1
64 3.09907 2.86533 1
65 3.08962 2.87856 1
66 3.08113 2.89041 1
67 3.07351 2.90107 1
68 3.06666 2.91085 1
69 3.0605 2.91915 1
70 3.05495 2.92695 1
71 3.04994 2.93394 1
72 3.04543 2.9406 1
73 3.04134 2.94626 1
74 3.03765 2.95144 1
75 3.03431 2.95578 1
76 3.03129 2.96 1
77 3.02854 2.96364 1
78 3.02606 2.96701 1
79 3.0238 2.97002 1
80 3.02175 2.97288 1
81 3.01988 2.97556 1
82 3.01818 2.97734 1
83 3.01664 2.98 1
84 3.01524 2.98165 1
85 3.01395 2.98328 1
86 3.01278 2.98452 1
87 3.01172 2.98609 1
88 3.01074 2.98727 1
89 3.00985 2.98836 1
90 3.00904 2.98947 1
91 3.00829 2.99026 1
92 3.00761 2.9909 1
93 3.00699 2.99199 1
94 3.00642 2.99217 1
95 3.0059 2.99321 1
96 3.00542 2.99388 1
97 3.00498 2.99414 1
98 3.00458 2.99504 1
99 3.00421 2.99507 1
0 0 0 2
1 0 0 2
2 0 0 2
3 0 0 2
4 0 0 2
5 0 0 2
6 0 0 2
7 0 0 2
8 0 0 2
9 0 0 2
10 0 0 2
11 0 0 2
12 0 0 2
13 0 0 2
14 0 0 2
15 0 0 2
16 0 0 2
17 0 0 2
18 0 0 2
19 0 0 2
20 0 0 2
21 0 0 2
22 0 0 2
23 0 0 2
24 0 0 2
25 5.38964 5.02536 2
26 5.37133 4.89771 2
27 5.34938 4.82166 2
28 5.32537 4.76428 2
29 5.29993 4.71307 2
30 5.27321 4.66085 2
31 5.24511 4.6036 2
32 5.21533 4.53803 2
33 5.18345 4.46248 2
34 5.14897 4.37541 2
35 5.11131 4.27591 2
36 5.06984 4.1631 2
37 5.02377 4.03473 2
38 4.97214 3.88737 2
39 4.91365 3.71843 2
40 4.84678 3.52772 2
41 4.77003 3.32397 2
42 4.68292 3.12909 2
43 4.58742 2.97553 2
44 4.48869 2.89112 2
45 4.39368 2.88291 2
46 4.30819 2.93561 2
47 4.23479 3.0203 2
48 4.17313 3.11007 2
49 4.12127 3.18621 2
50 4.07674 3.23875 2
51 4.03717 3.26359 2
52 4.00046 3.25903 2
53 3.96465 3.22418 2
54 3.92788 3.15738 2
55 3.88831 3.06077 2
56 3.84432 2.94153 2
57 3.79493 2.81636 2
58 3.74047 2.70638 2
59 3.68271 2.62636 2
60 3.62424 2.57973 2
61 3.56741 2.56096 2
62 3.51384 2.56167 2
63 3.46438 2.57529 2
64 3.4193 2.59532 2
65 3.37853 2.61971 2
66 3.34182 2.64484 2
67 3.30885 2.67073 2
68 3.27925 2.69628 2
69 3.2527 2.72023 2
70 3.22887 2.74354 2
71 3.20746 2.76494 2
72 3.18822 2.78478 2
73 3.1709 2.80334 2
74 3.1553 2.82037 2
75 3.14123 2.83602 2
76 3.12853 2.85034 2
77 3.11706 2.86326 2
78 3.10668 2.87568 2
79 3.09728 2.88662 2
80 3.08876 2.89662 2
81 3.08104 2.90545 2
82 3.07403 2.91354 2
83 3.06766 2.92174 2
84 3.06187 2.92828 2
85 3.0566 2.93449 2
86 3.05181 2.94024 2
87 3.04744 2.94559 2
88 3.04345 2.95005 2
89 3.03982 2.95451 2
90 3.0365 2.95817 2
91 3.03348 2.962 2
92 3.03071 2.96548 2
93 3.02818 2.96823 2
94 3.02587 2.97112 2
95 3.02375 2.97373 2
96 3.02182 2.97517 2
97 3.02004 2.97772 2
98 3.01842 2.97916 2
99 3.01693 2.98105 2
0 0 0 3
1 0 0 3
2 0 0 3
3 0 0 3
4 0 0 3
5 0 0 3
6 0 0 3
7 0 0 3
8 0 0 3
9 0 0 3
10 0 0 3
11 0 0 3
12 0 0 3
13 0 0 3
14 0 0 3
15 0 0 3
16 0 0 3
17 0 0 3
18 0 0 3
19 0 0 3
20 0 0 3
21 0 0 3
22 0 0 3
23 0 0 3
24 0 0 3
25 0 0 3
26 0 0 3
27 0 0 3
28 0 0 3
29 0 0 3
30 0 0 3
31 0 0 3
32 0 0 3
33 0 0 3
34 0 0 3
35 0 0 3
36 0 0 3
37 0 0 3
38 5.3929 4.97328 3
39 5.37065 4.80908 3
40 5.34505 4.75783 3
41 5.31888 4.72913 3
42 5.2926 4.70031 3
43 5.26593 4.6589 3
44 5.2381 4.60039 3
45 5.20805 4.51392 3
46 5.17427 4.39418 3
47 5.13467 4.23063 3
48 5.08658 4.02018 3
49 5.02717 3.77542 3
50 4.95457 3.52617 3
51 4.86912 3.30463 3
52 4.77349 3.12434 3
53 4.67124 2.98406 3
54 4.56598 2.88144 3
55 4.46168 2.82355 3
56 4.36298 2.82058 3
57 4.27441 2.87306 3
58 4.19863 2.96268 3
59 4.13547 3.05849 3
60 4.08249 3.13092 3
61 4.03626 3.16315 3
62 3.99332 3.14748 3
63 3.95045 3.08419 3
64 3.90474 2.9781 3
65 3.85391 2.84766 3
66 3.79723 2.72148 3
67 3.73613 2.62686 3
68 3.67361 2.57185 3
69 3.61264 2.55081 3
70 3.55521 2.5512 3
71 3.50229 2.56551 3
72 3.45415 2.58665 3
73 3.41068 2.61169 3
74 3.37158 2.63792 3
75 3.33645 2.66414 3
76 3.3049 2.68942 3
77 3.27657 2.71365 3
78 3.2511 2.73684 3
79 3.22818 2.75813 3
80 3.20753 2.7782 3
81 3.18891 2.79642 3
82 3.17209 2.8134 3
83 3.15689 2.8291 3
84 3.14313 2.8435 3
85 3.13067 2.85669 3
86 3.11936 2.86873 3
87 3.1091 2.88029 3
88 3.09977 2.88986 3
89 3.09129 2.89933 3
90 3.08357 2.90783 3
91 3.07654 2.91576 3
92 3.07013 2.92273 3
93 3.06429 2.92918 3
94 3.05895 2.93493 3
95 3.05408 2.94019 3
96 3.04963 2.94515 3
97 3.04556 2.95012 3
98 3.04183 2.95409 3
99 3.03842 2.95795 3
0 0 0 4
1 0 0 4
2 0 0 4
3 0 0 4
4 0 0 4
5 0 0 4
6 0 0 4
7 0 0 4
8 0 0 4
9 0 0 4
10 0 0 4
11 0 0 4
12 0 0 4
13 0 0 4
14 0 0 4
15 0 0 4
16 0 0 4
17 0 0 4
18 0 0 4
19 0 0 4
20 0 0 4
21 0 0 4
22 0 0 4
23 0 0 4
24 0 0 4
25 0 0 4
26 0 0 4
27 0 0 4
28 0 0 4
29 0 0 4
30 0 0 4
31 0 0 4
32 0 0 4
33 0 0 4
34 0 0 4
35 0 0 4
36 0 0 4
37 0 0 4
38 0 0 4
39 0 0 4
40 0 0 4
41 0 0 4
42 0 0 4
43 0 0 4
44 0 0 4
45 0 0 4
46 0 0 4
47 5.39677 5.3888 4
48 5.32935 4.06737 4
49 5.26824 4.13314 4
50 5.21408 4.16815 4
51 5.1638 4.15716 4
52 5.11421 4.09457 4
53 5.0621 3.97912 4
54 5.00445 3.82204 4
55 4.93953 3.65636 4
56 4.86829 3.52462 4
57 4.79429 3.44884 4
58 4.72162 3.42029 4
59 4.65277 3.41513 4
60 4.58819 3.4085 4
61 4.52659 3.37618 4
62 4.46508 3.29242 4
63 4.3993 3.14351 4
64 4.32569 2.97886 4
65 4.24721 2.90035 4
66 4.17267 2.92721 4
67 4.10758 2.99668 4
68 4.0514 3.04569 4
69 4.00041 3.04098 4
70 3.95022 2.97474 4
71 3.89691 2.85949 4
72 3.83814 2.72933 4
73 3.77441 2.6248 4
74 3.70868 2.5632 4
75 3.64441 2.53954 4
76 3.58391 2.54086 4
77 3.52829 2.55583 4
78 3.47781 2.57855 4
79 3.43231 2.6042 4
80 3.39141 2.63128 4
81 3.35471 2.65788 4
82 3.32177 2.68373 4
83 3.29217 2.7083 4
84 3.26555 2.73142 4
85 3.2416 2.75261 4
86 3.21999 2.77316 4
87 3.2005 2.79186 4
88 3.18287 2.80867 4
89 3.16692 2.82401 4
90 3.15246 2.83885 4
91 3.13935 2.85219 4
92 3.12744 2.86427 4
93 3.11662 2.87554 4
94 3.10677 2.88617 4
95 3.0978 2.89538 4
96 3.08963 2.90406 4
97 3.08218 2.91224 4
98 3.07538 2.91925 4
99 3.06916 2.92566 4
0 0 0 5
1 0 0 5
2 0 0 5
3 0 0 5
4 0 0 5
5 0 0 5
6 0 0 5
7 0 0 5
8 0 0 5
9 0 0 5
10 0 0 5
11 0 0 5
12 0 0 5
13 0 0 5
14 0 0 5
15 0 0 5
16 0 0 5
17 0 0 5
18 0 0 5
19 0 0 5
20 0 0 5
21 0 0 5
22 0 0 5
23 0 0 5
24 0 0 5
25 0 0 5
26 0 0 5
27 0 0 5
28 0 0 5
29 0 0 5
30 0 0 5
31 0 0 5
32 0 0 5
33 0 0 5
34 0 0 5
35 0 0 5
36 0 0 5
37 0 0 5
38 0 0 5
39 0 0 5
40 0 0 5
41 0 0 5
42 0 0 5
43 0 0 5
44 0 0 5
45 0 0 5
46 0 0 5
47 0 0 5
48 0 0 5
49 0 0 5
50 0 0 5
51 5.38566 4.39468 5
52 5.33395 4.29456 5
53 5.28561 4.33701 5
54 5.24219 4.36898 5
55 5.20234 4.38123 5
56 5.16471 4.37199 5
57 5.12774 4.3297 5
58 5.08901 4.23033 5
59 5.04436 4.03788 5
60 4.98682 3.71961 5
61 4.9072 3.31847 5
62 4.80295 3.01224 5
63 4.6894 2.94407 5
64 4.58972 3.09469 5
65 4.51453 3.32662 5
66 4.4596 3.51171 5
67 4.41706 3.61863 5
68 4.38089 3.64983 5
69 4.34578 3.57676 5
70 4.3032 3.31215 5
71 4.24094 2.96276 5
72 4.16574 2.86818 5
73 4.0956 2.9167 5
74 4.0342 2.95535 5
75 3.9774 2.9277 5
76 3.91985 2.83275 5
77 3.85777 2.70802 5
78 3.79101 2.60465 5
79 3.72261 2.54672 5
80 3.65619 2.52763 5
81 3.5941 2.53281 5
82 3.53732 2.55106 5
83 3.48598 2.57563 5
84 3.43981 2.6028 5
85 3.3984 2.63052 5
86 3.36125 2.65768 5
87 3.32792 2.68364 5
88 3.29798 2.70829 5
89 3.27105 2.73142 5
90 3.2468 2.75289 5
91 3.22492 2.77311 5
92 3.20516 2.79146 5
93 3.18728 2.80775 5
94 3.17108 2.82376 5
95 3.15639 2.83832 5
96 3.14306 2.85152 5
97 3.13094 2.86332 5
98 3.11991 2.8745 5
99 3.10987 2.88516 5
0 0 0 6
1 0 0 6
2 0 0 6
3 0 0 6
4 0 0 6
5 0 0 6
6 0 0 6
7 0 0 6
8 0 0 6
9 0 0 6
10 0 0 6
11 0 0 6
12 0 0 6
13 0 0 6
14 0 0 6
15 0 0 6
16 0 0 6
17 0 0 6
18 0 0 6
19 0 0 6
20 0 0 6
21 0 0 6
22 0 0 6
23 0 0 6
24 0 0 6
25 0 0 6
26 0 0 6
27 0 0 6
28 0 0 6
29 0 0 6
30 0 0 6
31 0 0 6
32 0 0 6
33 0 0 6
34 0 0 6
35 0 0 6
36 0 0 6
37 0 0 6
38 0 0 6
39 0 0 6
40 0 0 6
41 0 0 6
42 0 0 6
43 0 0 6
44 0 0 6
45 0 0 6
46 0 0 6
47 0 0 6
48 0 0 6
49 0 0 6
50 0 0 6
51 0 0 6
52 0 0 6
53 0 0 6
54 0 0 6
55 0 0 6
56 0 0 6
57 0 5.39474 6
58 5.35852 4.41507 6
59 5.31352 4.3887 6
60 5.27 4.36672 6
61 5.22689 4.32027 6
62 5.1831 4.26116 6
63 5.13771 4.16933 6
64 5.08635 3.96007 6
65 5.02053 3.63741 6
66 4.93488 3.30989 6
67 4.82976 3.02436 6
68 4.70891 2.80586 6
69 4.58199 2.71715 6
70 4.46824 2.86739 6
71 4.39085 3.31099 6
72 4.34856 3.66782 6
73 4.32193 3.80898 6
74 4.30025 3.81648 6
75 4.27549 3.6058 6
76 4.22709 2.99843 6
77 4.1499 2.80601 6
78 4.07601 2.85509 6
79 4.01092 2.87799 6
80 3.94901 2.82 6
81 3.88457 2.70725 6
82 3.81572 2.60066 6
83 3.74498 2.53848 6
84 3.67618 2.51819 6
85 3.61193 2.52381 6
86 3.55327 2.54311 6
87 3.50032 2.56865 6
88 3.45277 2.59657 6
89 3.41017 2.62505 6
90 3.37199 2.65279 6
91 3.33775 2.67916 6
92 3.30701 2.70413 6
93 3.27936 2.72755 6
94 3.25445 2.74912 6
95 3.23199 2.76929 6
96 3.21169 2.78811 6
97 3.19332 2.80501 6
98 3.17668 2.82076 6
99 3.16159 2.83528 6
0 0 0 7
1 0 0 7
2 0 0 7
3 0 0 7
4 0 0 7
5 0 0 7
6 0 0 7
7 0 0 7
8 0 0 7
9 0 0 7
10 0 0 7
11 0 0 7
12 0 0 7
13 0 0 7
14 0 0 7
15 0 0 7
16 0 0 7
17 0 0 7
18 0 0 7
19 0 0 7
20 0 0 7
21 0 0 7
22 0 0 7
23 0 0 7
24 0 0 7
25 0 0 7
26 0 0 7
27 0 0 7
28 0 0 7
29 0 0 7
30 0 0 7
31 0 0 7
32 0 0 7
33 0 0 7
34 0 0 7
35 0 0 7
36 0 0 7
37 0 0 7
38 0 0 7
39 0 0 7
40 0 0 7
41 0 0 7
42 0 0 7
43 0 0 7
44 0 0 7
45 0 0 7
46 0 0 7
47 0 0 7
48 0 0 7
49 0 0 7
50 0 0 7
51 0 0 7
52 0 0 7
53 0 0 7
54 0 0 7
55 0 0 7
56 0 0 7
57 0 0 7
58 0 0 7
59 0 0 7
60 0 0 7
61 0 0 7
62 5.32602 3.73587 7
63 5.24874 3.97531 7
64 5.19029 4.14847 7
65 5.14422 4.27041 7
66 5.10475 4.27824 7
67 5.06281 4.10038 7
68 5.00742 3.77329 7
69 4.93465 3.51301 7
70 4.85345 3.40009 7
71 4.77228 3.34765 7
72 4.6921 3.26427 7
73 4.60726 3.07763 7
74 4.5087 2.82477 7
75 4.40162 2.78344 7
76 4.32308 3.33385 7
77 4.29103 3.82463 7
78 4.27434 3.93776 7
79 4.25947 3.8644 7
80 4.22904 3.17692 7
81 4.15218 2.74705 7
82 4.07298 2.7934 7
83 4.00338 2.81498 7
84 3.93691 2.74921 7
85 3.86777 2.63922 7
86 3.79538 2.55328 7
87 3.72322 2.51448 7
88 3.65479 2.51068 7
89 3.59191 2.52597 7
90 3.53501 2.55038 7
91 3.48392 2.57844 7
92 3.43816 2.6076 7
93 3.39719 2.63621 7
94 3.36049 2.66377 7
95 3.32757 2.68981 7
96 3.29799 2.714 7
97 3.27137 2.73675 7
98 3.24737 2.75774 7
99 3.22571 2.77734 7
0 0 0 8
1 0 0 8
2 0 0 8
3 0 0 8
4 0 0 8
5 0 0 8
6 0 0 8
7 0 0 8
8 0 0 8
9 0 0 8
10 0 0 8
11 0 0 8
12 0 0 8
13 0 0 8
14 0 0 8
15 0 0 8
16 0 0 8
17 0 0 8
18 0 0 8
19 0 0 8
20 0 0 8
21 0 0 8
22 0 0 8
23 0 0 8
24 0 0 8
25 0 0 8
26 0 0 8
27 0 0 8
28 0 0 8
29 0 0 8
30 0 0 8
31 0 0 8
32 0 0 8
33 0 0 8
34 0 0 8
35 0 0 8
36 0 0 8
37 0 0 8
38 0 0 8
39 0 0 8
40 0 0 8
41 0 0 8
42 0 0 8
43 0 0 8
44 0 0 8
45 0 0 8
46 0 0 8
47 0 0 8
48 0 0 8
49 0 0 8
50 0 0 8
51 0 0 8
52 0 0 8
53 0 0 8
54 0 0 8
55 0 0 8
56 0 0 8
57 0 0 8
58 0 0 8
59 0 0 8
60 0 0 8
61 0 0 8
62 0 0 8
63 0 0 8
64 0 0 8
65 5.34479 4.02032 8
66 5.27678 4.01163 8
67 5.21389 4.04677 8
68 5.15974 4.17404 8
69 5.11728 4.3093 8
70 5.08049 4.2746 8
71 5.03611 3.94946 8
72 4.96275 3.34546 8
73 4.85097 2.96998 8
74 4.73529 3.04102 8
75 4.64576 3.28376 8
76 4.57875 3.43686 8
77 4.52179 3.44519 8
78 4.462 3.22667 8
79 4.38066 2.84137 8
80 4.2946 3.16561 8
81 4.26306 3.90082 8
82 4.25118 4.00849 8
83 4.23956 3.85867 8
84 4.19387 2.80064 8
85 4.10694 2.71262 8
86 4.02936 2.76541 8
87 3.95862 2.73355 8
88 3.88727 2.63544 8
89 3.81307 2.54778 8
90 3.73901 2.50698 8
91 3.66879 2.503 8
92 3.60431 2.51896 8
93 3.54606 2.54416 8
94 3.49381 2.57307 8
95 3.44707 2.60275 8
96 3.40525 2.63191 8
97 3.36782 2.6599 8
98 3.33425 2.68611 8
99 3.3041 2.71074 8
0 0 0 9
1 0 0 9
2 0 0 9
3 0 0 9
4 0 0 9
5 0 0 9
6 0 0 9
7 0 0 9
8 0 0 9
9 0 0 9
10 0 0 9
11 0 0 9
12 0 0 9
13 0 0 9
14 0 0 9
15 0 0 9
16 0 0 9
17 0 0 9
18 0 0 9
19 0 0 9
20 0 0 9
21 0 0 9
22 0 0 9
23 0 0 9
24 0 0 9
25 0 0 9
26 0 0 9
27 0 0 9
28 0 0 9
29 0 0 9
30 0 0 9
31 0 0 9
32 0 0 9
33 0 0 9
34 0 0 9
35 0 0 9
36 0 0 9
37 0 0 9
38 0 0 9
39 0 0 9
40 0 0 9
41 0 0 9
42 0 0 9
43 0 0 9
44 0 0 9
45 0 0 9
46 0 0 9
47 0 0 9
48 0 0 9
49 0 0 9
50 0 0 9
51 0 0 9
52 0 0 9
53 0 0 9
54 0 0 9
55 0 0 9
56 0 0 9
57 0 0 9
58 0 0 9
59 0 0 9
60 0 0 9
61 0 0 9
62 0 0 9
63 0 0 9
64 0 0 9
65 0 0 9
66 0 0 9
67 0 0 9
68 0 0 9
69 5.35874 4.14466 9
70 5.296 4.0753 9
71 5.23283 3.99906 9
72 5.17086 4.03551 9
73 5.1205 4.19501 9
74 5.07432 4.01056 9
75 5.00556 3.49231 9
76 4.90396 3.06108 9
77 4.77505 2.75692 9
78 4.63808 2.7291 9
79 4.53252 3.13157 9
80 4.47126 3.51651 9
81 4.42895 3.61506 9
82 4.38667 3.40589 9
83 4.31776 2.86623 9
84 4.25383 3.69036 9
85 4.24072 4.04312 9
86 4.23275 4.00167 9
87 4.20013 2.84705 9
88 4.10978 2.6664 9
89 4.02821 2.72267 9
90 3.95412 2.69114 9
91 3.87975 2.59769 9
92 3.80344 2.52335 9
93 3.72862 2.49554 9
94 3.65859 2.49989 9
95 3.59481 2.52051 9
96 3.53743 2.54813 9
97 3.48609 2.57811 9
98 3.44021 2.60837 9
99 3.39918 2.63755 9
0 0 0 10
1 0 0 10
2 0 0 10
3 0 0 10
4 0 0 10
5 0 0 10
6 0 0 10
7 0 0 10
8 0 0 10
9 0 0 10
10 0 0 10
11 0 0 10
12 0 0 10
13 0 0 10
14 0 0 10
15 0 0 10
16 0 0 10
17 0 0 10
18 0 0 10
19 0 0 10
20 0 0 10
21 0 0 10
22 0 0 10
23 0 0 10
24 0 0 10
25 0 0 10
26 0 0 10
27 0 0 10
28 0 0 10
29 0 0 10
30 0 0 10
31 0 0 10
32 0 0 10
33 0 0 10
34 0 0 10
35 0 0 10
36 0 0 10
37 0 0 10
38 0 0 10
39 0 0 10
40 0 0 10
41 0 0 10
42 0 0 10
43 0 0 10
44 0 0 10
45 0 0 10
46 0 0 10
47 0 0 10
48 0 0 10
49 0 0 10
50 0 0 10
51 0 0 10
52 0 0 10
53 0 0 10
54 0 0 10
55 0 0 10
56 0 0 10
57 0 0 10
58 0 0 10
59 0 0 10
60 0 0 10
61 0 0 10
62 0 0 10
63 0 0 10
64 0 0 10
65 0 0 10
66 0 0 10
67 0 0 10
68 0 0 10
69 0 0 10
70 0 0 10
71 5.36321 3.79863 10
72 5.28024 3.8527 10
73 5.20874 3.93861 10
74 5.14772 4.06811 10
75 5.10304 4.31143 10
76 5.06636 4.20339 10
77 5.01179 3.6989 10
78 4.93081 3.40688 10
79 4.84246 3.30572 10
80 4.7512 3.14559 10
81 4.64532 2.8295 10
82 4.52168 2.70432 10
83 4.4277 3.26019 10
84 4.38393 3.68831 10
85 4.35383 3.69225 10
86 4.31044 3.09873 10
87 4.24301 3.60271 10
88 4.23113 4.0782 10
89 4.2247 4.00549 10
90 4.17723 2.65403 10
91 4.08377 2.65059 10
92 4.00229 2.68779 10
93 3.92595 2.62939 10
94 3.84851 2.54286 10
95 3.77103 2.49557 10
96 3.69729 2.48899 10
97 3.62959 2.50504 10
98 3.56853 2.53128 10
99 3.51387 2.56137 10
0 0 0 11
1 0 0 11
2 0 0 11
3 0 0 11
4 0 0 11
5 0 0 11
6 0 0 11
7 0 0 11
8 0 0 11
9 0 0 11
10 0 0 11
11 0 0 11
12 0 0 11
13 0 0 11
14 0 0 11
15 0 0 11
16 0 0 11
17 0 0 11
18 0 0 11
19 0 0 11
20 0 0 11
21 0 0 11
22 0 0 11
23 0 0 11
24 0 0 11
25 0 0 11
26 0 0 11
27 0 0 11
28 0 0 11
29 0 0 11
30 0 0 11
31 0 0 11
32 0 0 11
33 0 0 11
34 0 0 11
35 0 0 11
36 0 0 11
37 0 0 11
38 0 0 11
39 0 0 11
40 0 0 11
41 0 0 11
42 0 0 11
43 0 0 11
44 0 0 11
45 0 0 11
46 0 0 11
47 0 0 11
48 0 0 11
49 0 0 11
50 0 0 11
51 0 0 11
52 0 0 11
53 0 0 11
54 0 0 11
55 0 0 11
56 0 0 11
57 0 0 11
58 0 0 11
59 0 0 11
60 0 0 11
61 0 0 11
62 0 0 11
63 0 0 11
64 0 0 11
65 0 0 11
66 0 0 11
67 0 0 11
68 0 0 11
69 0 0 11
70 0 0 11
71 0 0 11
72 0 0 11
73 5.35899 4.08893 11
74 5.2965 4.11674 11
75 5.2367 4.04843 11
76 5.17452 3.96772 11
77 5.11914 4.18141 11
78 5.08161 4.34727 11
79 5.04089 3.95123 11
80 4.95715 3.14413 11
81 4.8349 2.98417 11
82 4.73247 3.2327 11
83 4.65562 3.36837 11
84 4.58514 3.24122 11
85 4.49485 2.79978 11
86 4.39071 3.00307 11
87 4.34311 3.72965 11
88 4.31918 3.79546 11
89 4.28241 3.09661 11
90 4.22934 3.93628 11
91 4.22303 4.10882 11
92 4.21312 3.43804 11
93 4.1247 2.58748 11
94 4.03509 2.65187 11
95 3.95513 2.63322 11
96 3.87626 2.55227 11
97 3.79703 2.49526 11
98 3.72095 2.48202 11
99 3.65079 2.49544 11
0 0 0 12
1 0 0 12
2 0 0 12
3 0 0 12
4 0 0 12
5 0 0 12
6 0 0 12
7 0 0 12
8 0 0 12
9 0 0 12
10 0 0 12
11 0 0 12
12 0 0 12
13 0 0 12
14 0 0 12
15 0 0 12
16 0 0 12
17 0 0 12
18 0 0 12
19 0 0 12
20 0 0 12
21 0 0 12
22 0 0 12
23 0 0 12
24 0 0 12
25 0 0 12
26 0 0 12
27 0 0 12
28 0 0 12
29 0 0 12
30 0 0 12
31 0 0 12
32 0 0 12
33 0 0 12
34 0 0 12
35 0 0 12
36 0 0 12
37 0 0 12
38 0 0 12
39 0 0 12
40 0 0 12
41 0 0 12
42 0 0 12
43 0 0 12
44 0 0 12
45 0 0 12
46 0 0 12
47 0 0 12
48 0 0 12
49 0 0 12
50 0 0 12
51 0 0 12
52 0 0 12
53 0 0 12
54 0 0 12
55 0 0 12
56 0 0 12
57 0 0 12
58 0 0 12
59 0 0 12
60 0 0 12
61 0 0 12
62 0 0 12
63 0 0 12
64 0 0 12
65 0 0 12
66 0 0 12
67 0 0 12
68 0 0 12
69 0 0 12
70 0 0 12
71 0 0 12
72 0 0 12
73 0 0 12
74 0 0 12
75 0 0 12
76 5.38385 4.13995 12
77 5.31679 4.0478 12
78 5.25119 3.96618 12
79 5.18027 3.82647 12
80 5.11812 4.13877 12
81 5.07716 4.18457 12
82 5.01378 3.46782 12
83 4.90325 2.92843 12
84 4.76076 2.68285 12
85 4.63388 3.00385 12
86 4.5584 3.43109 12
87 4.50435 3.46217 12
88 4.43833 2.96422 12
89 4.3445 3.07469 12
90 4.30749 3.84476 12
91 4.28846 3.78597 12
92 4.23825 3.05258 12
93 4.22025 4.11625 12
94 4.21576 4.01046 12
95 4.14852 2.55351 12
96 4.05302 2.61445 12
97 3.96948 2.61944 12
98 3.88882 2.54761 12
99 3.80821 2.49027 12
0 0 0 13
1 0 0 13
2 0 0 13
3 0 0 13
4 0 0 13
5 0 0 13
6 0 0 13
7 0 0 13
8 0 0 13
9 0 0 13
10 0 0 13
11 0 0 13
12 0 0 13
13 0 0 13
14 0 0 13
15 0 0 13
16 0 0 13
17 0 0 13
18 0 0 13
19 0 0 13
20 0 0 13
21 0 0 13
22 0 0 13
23 0 0 13
24 0 0 13
25 0 0 13
26 0 0 13
27 0 0 13
28 0 0 13
29 0 0 13
30 0 0 13
31 0 0 13
32 0 0 13
33 0 0 13
34 0 0 13
35 0 0 13
36 0 0 13
37 0 0 13
38 0 0 13
39 0 0 13
40 0 0 13
41 0 0 13
42 0 0 13
43 0 0 13
44 0 0 13
45 0 0 13
46 0 0 13
47 0 0 13
48 0 0 13
49 0 0 13
50 0 0 13
51 0 0 13
52 0 0 13
53 0 0 13
54 0 0 13
55 0 0 13
56 0 0 13
57 0 0 13
58 0 0 13
59 0 0 13
60 0 0 13
61 0 0 13
62 0 0 13
63 0 0 13
64 0 0 13
65 0 0 13
66 0 0 13
67 0 0 13
68 0 0 13
69 0 0 13
70 0 0 13
71 0 0 13
72 0 0 13
73 0 0 13
74 0 0 13
75 0 0 13
76 0 0 13
77 5.3978 5.38642 13
78 5.31093 3.90993 13
79 5.2457 4.10019 13
80 5.19012 4.08591 13
81 5.13361 4.03579 13
82 5.08911 4.35986 13
83 5.05369 4.10007 13
84 4.98487 3.46139 13
85 4.893 3.28669 13
86 4.79387 3.05855 13
87 4.67124 2.68714 13
88 4.54342 2.89706 13
89 4.47398 3.51964 13
90 4.43133 3.55637 13
91 4.37014 2.88464 13
92 4.29745 3.62009 13
93 4.27871 3.93463 13
94 4.2525 3.12831 13
95 4.21751 4.10889 13
96 4.21398 4.09031 13
97 4.15479 2.53052 13
98 4.05615 2.58812 13
99 3.97024 2.59811 13
0 0 0 14
1 0 0 14
2 0 0 14
3 0 0 14
4 0 0 14
5 0 0 14
6 0 0 14
7 0 0 14
8 0 0 14
9 0 0 14
10 0 0 14
11 0 0 14
12 0 0 14
13 0 0 14
14 0 0 14
15 0 0 14
16 0 0 14
17 0 0 14
18 0 0 14
19 0 0 14
20 0 0 14
21 0 0 14
22 0 0 14
23 0 0 14
24 0 0 14
25 0 0 14
26 0 0 14
27 0 0 14
28 0 0 14
29 0 0 14
30 0 0 14
31 0 0 14
32 0 0 14
33 0 0 14
34 0 0 14
35 0 0 14
36 0 0 14
37 0 0 14
38 0 0 14
39 0 0 14
40 0 0 14
41 0 0 14
42 0 0 14
43 0 0 14
44 0 0 14
45 0 0 14
46 0 0 14
47 0 0 14
48 0 0 14
49 0 0 14
50 0 0 14
51 0 0 14
52 0 0 14
53 0 0 14
54 0 0 14
55 0 0 14
56 0 0 14
57 0 0 14
58 0 0 14
59 0 0 14
60 0 0 14
61 0 0 14
62 0 0 14
63 0 0 14
64 0 0 14
65 0 0 14
66 0 0 14
67 0 0 14
68 0 0 14
69 0 0 14
70 0 0 14
71 0 0 14
72 0 0 14
73 0 0 14
74 0 0 14
75 0 0 14
76 0 0 14
77 0 0 14
78 0 0 14
79 5.39128 5.38047 14
80 5.30622 3.88693 14
81 5.23974 4.08798 14
82 5.18445 4.08567 14
83 5.12719 4.0171 14
84 5.08381 4.38255 14
85 5.04841 4.03895 14
86 4.96132 3.0622 14
87 4.83838 3.06538 14
88 4.74402 3.29578 14
89 4.66403 3.20956 14
90 4.56276 2.72766 14
91 4.45218 3.1019 14
92 4.40385 3.67765 14
93 4.3677 3.41843 14
94 4.29334 3.13256 14
95 4.26782 3.97147 14
96 4.25086 3.45574 14
97 4.21481 4.11573 14
98 4.21174 4.09283 14
99 4.14465 2.50752 14
0 0 0 15
1 0 0 15
2 0 0 15
3 0 0 15
4 0 0 15
5 0 0 15
6 0 0 15
7 0 0 15
8 0 0 15
9 0 0 15
10 0 0 15
11 0 0 15
12 0 0 15
13 0 0 15
14 0 0 15
15 0 0 15
16 0 0 15
17 0 0 15
18 0 0 15
19 0 0 15
20 0 0 15
21 0 0 15
22 0 0 15
23 0 0 15
24 0 0 15
25 0 0 15
26 0 0 15
27 0 0 15
28 0 0 15
29 0 0 15
30 0 0 15
31 0 0 15
32 0 0 15
33 0 0 15
34 0 0 15
35 0 0 15
36 0 0 15
37 0 0 15
38 0 0 15
39 0 0 15
40 0 0 15
41 0 0 15
42 0 0 15
43 0 0 15
44 0 0 15
45 0 0 15
46 0 0 15
47 0 0 15
48 0 0 15
49 0 0 15
50 0 0 15
51 0 0 15
52 0 0 15
53 0 0 15
54 0 0 15
55 0 0 15
56 0 0 15
57 0 0 15
58 0 0 15
59 0 0 15
60 0 0 15
61 0 0 15
62 0 0 15
63 0 0 15
64 0 0 15
65 0 0 15
66 0 0 15
67 0 0 15
68 0 0 15
69 0 0 15
70 0 0 15
71 0 0 15
72 0 0 15
73 0 0 15
74 0 0 15
75 0 0 15
76 0 0 15
77 0 0 15
78 0 0 15
79 0 0 15
80 0 0 15
81 0 0 15
82 5.36234 3.70176 15
83 5.27099 3.78915 15
84 5.20288 4.05959 15
85 5.14478 3.9527 15
86 5.09357 4.3141 15
87 5.05562 3.95186 15
88 4.96542 3.07465 15
89 4.82417 2.68287 15
90 4.69046 3.01187 15
91 4.61128 3.40366 15
92 4.54641 3.2203 15
93 4.44774 2.72993 15
94 4.37698 3.62682 15
95 4.34776 3.68705 15
96 4.28867 2.9234 15
97 4.25746 3.99691 15
98 4.24277 3.46345 15
99 4.21223 4.14109 15
0 0 0 16
1 0 0 16
2 0 0 16
3 0 0 16
4 0 0 16
5 0 0 16
6 0 0 16
7 0 0 16
8 0 0 16
9 0 0 16
10 0 0 16
11 0 0 16
12 0 0 16
13 0 0 16
14 0 0 16
15 0 0 16
16 0 0 16
17 0 0 16
18 0 0 16
19 0 0 16
20 0 0 16
21 0 0 16
22 0 0 16
23 0 0 16
24 0 0 16
25 0 0 16
26 0 0 16
27 0 0 16
28 0 0 16
29 0 0 16
30 0 0 16
31 0 0 16
32 0 0 16
33 0 0 16
34 0 0 16
35 0 0 16
36 0 0 16
37 0 0 16
38 0 0 16
39 0 0 16
40 0 0 16
41 0 0 16
42 0 0 16
43 0 0 16
44 0 0 16
45 0 0 16
46 0 0 16
47 0 0 16
48 0 0 16
49 0 0 16
50 0 0 16
51 0 0 16
52 0 0 16
53 0 0 16
54 0 0 16
55 0 0 16
56 0 0 16
57 0 0 16
58 0 0 16
59 0 0 16
60 0 0 16
61 0 0 16
62 0 0 16
63 0 0 16
64 0 0 16
65 0 0 16
66 0 0 16
67 0 0 16
68 0 0 16
69 0 0 16
70 0 0 16
71 0 0 16
72 0 0 16
73 0 0 16
74 0 0 16
75 0 0 16
76 0 0 16
77 0 0 16
78 0 0 16
79 0 0 16
80 0 0 16
81 0 0 16
82 0 0 16
83 5.35909 3.73913 16
84 5.27306 3.80688 16
85 5.20004 3.98283 16
86 5.14652 4.14212 16
87 5.09737 4.20703 16
88 5.06548 4.36629 16
89 5.00776 3.49691 16
90 4.91312 3.24796 16
91 4.80442 2.90828 16
92 4.66504 2.64234 16
93 4.55882 3.29177 16
94 4.50344 3.4991 16
95 4.43523 2.843 16
96 4.35248 3.53006 16
97 4.32591 3.78546 16
98 4.27481 2.94587 16
99 4.24794 4.03141 16
0 0 0 17
1 0 0 17
2 0 0 17
3 0 0 17
4 0 0 17
5 0 0 17
6 0 0 17
7 0 0 17
8 0 0 17
9 0 0 17
10 0 0 17
11 0 0 17
12 0 0 17
13 0 0 17
14 0 0 17
15 0 0 17
16 0 0 17
17 0 0 17
18 0 0 17
19 0 0 17
20 0 0 17
21 0 0 17
22 0 0 17
23 0 0 17
24 0 0 17
25 0 0 17
26 0 0 17
27 0 0 17
28 0 0 17
29 0 0 17
30 0 0 17
31 0 0 17
32 0 0 17
33 0 0 17
34 0 0 17
35 0 0 17
36 0 0 17
37 0 0 17
38 0 0 17
39 0 0 17
40 0 0 17
41 0 0 17
42 0 0 17
43 0 0 17
44 0 0 17
45 0 0 17
46 0 0 17
47 0 0 17
48 0 0 17
49 0 0 17
50 0 0 17
51 0 0 17
52 0 0 17
53 0 0 17
54 0 0 17
55 0 0 17
56 0 0 17
57 0 0 17
58 0 0 17
59 0 0 17
60 0 0 17
61 0 0 17
62 0 0 17
63 0 0 17
64 0 0 17
65 0 0 17
66 0 0 17
67 0 0 17
68 0 0 17
69 0 0 17
70 0 0 17
71 0 0 17
72 0 0 17
73 0 0 17
74 0 0 17
75 0 0 17
76 0 0 17
77 0 0 17
78 0 0 17
79 0 0 17
80 0 0 17
81 0 0 17
82 0 0 17
83 0 0 17
84 0 5.39315 17
85 5.32486 3.84646 17
86 5.24546 3.85047 17
87 5.17905 4.04251 17
88 5.12458 4.03297 17
89 5.07966 4.41589 17
90 5.04585 3.95273 17
91 4.94485 2.97678 17
92 4.82842 3.18393 17
93 4.73922 3.23709 17
94 4.63681 2.7482 17
95 4.51519 3.02764 17
96 4.45883 3.59855 17
97 4.40772 3.04293 17
98 4.32849 3.54858 17
99 4.30537 3.8161 17
0 0 0 18
1 0 0 18
2 0 0 18
3 0 0 18
4 0 0 18
5 0 0 18
6 0 0 18
7 0 0 18
8 0 0 18
9 0 0 18
10 0 0 18
11 0 0 18
12 0 0 18
13 0 0 18
14 0 0 18
15 0 0 18
16 0 0 18
17 0 0 18
18 0 0 18
19 0 0 18
20 0 0 18
21 0 0 18
22 0 0 18
23 0 0 18
24 0 0 18
25 0 0 18
26 0 0 18
27 0 0 18
28 0 0 18
29 0 0 18
30 0 0 18
31 0 0 18
32 0 0 18
33 0 0 18
34 0 0 18
35 0 0 18
36 0 0 18
37 0 0 18
38 0 0 18
39 0 0 18
40 0 0 18
41 0 0 18
42 0 0 18
43 0 0 18
44 0 0 18
45 0 0 18
46 0 0 18
47 0 0 18
48 0 0 18
49 0 0 18
50 0 0 18
51 0 0 18
52 0 0 18
53 0 0 18
54 0 0 18
55 0 0 18
56 0 0 18
57 0 0 18
58 0 0 18
59 0 0 18
60 0 0 18
61 0 0 18
62 0 0 18
63 0 0 18
64 0 0 18
65 0 0 18
66 0 0 18
67 0 0 18
68 0 0 18
69 0 0 18
70 0 0 18
71 0 0 18
72 0 0 18
73 0 0 18
74 0 0 18
75 0 0 18
76 0 0 18
77 0 0 18
78 0 0 18
79 0 0 18
80 0 0 18
81 0 0 18
82 0 0 18
83 0 0 18
84 0 0 18
85 0 0 18
86 0 0 18
87 5.33289 3.72345 18
88 5.23659 3.6115 18
89 5.1636 4.07894 18
90 5.11299 4.0851 18
91 5.07567 4.47313 18
92 5.02445 3.42677 18
93 4.89759 2.73873 18
94 4.75181 2.91208 18
95 4.66256 3.35236 18
96 4.58716 3.03965 18
97 4.47447 2.87199 18
98 4.41789 3.66134 18
99 4.37368 3.06988 18
0 0 0 19
1 0 0 19
2 0 0 19
3 0 0 19
4 0 0 19
5 0 0 19
6 0 0 19
7 0 0 19
8 0 0 19
9 0 0 19
10 0 0 19
11 0 0 19
12 0 0 19
13 0 0 19
14 0 0 19
15 0 0 19
16 0 0 19
17 0 0 19
18 0 0 19
19 0 0 19
20 0 0 19
21 0 0 19
22 0 0 19
23 0 0 19
24 0 0 19
25 0 0 19
26 0 0 19
27 0 0 19
28 0 0 19
29 0 0 19
30 0 0 19
31 0 0 19
32 0 0 19
33 0 0 19
34 0 0 19
35 0 0 19
36 0 0 19
37 0 0 19
38 0 0 19
39 0 0 19
40 0 0 19
41 0 0 19
42 0 0 19
43 0 0 19
44 0 0 19
45 0 0 19
46 0 0 19
47 0 0 19
48 0 0 19
49 0 0 19
50 0 0 19
51 0 0 19
52 0 0 19
53 0 0 19
54 0 0 19
55 0 0 19
56 0 0 19
57 0 0 19
58 0 0 19
59 0 0 19
60 0 0 19
61 0 0 19
62 0 0 19
63 0 0 19
64 0 0 19
65 0 0 19
66 0 0 19
67 0 0 19
68 0 0 19
69 0 0 19
70 0 0 19
71 0 0 19
72 0 0 19
73 0 0 19
74 0 0 19
75 0 0 19
76 0 0 19
77 0 0 19
78 0 0 19
79 0 0 19
80 0 0 19
81 0 0 19
82 0 0 19
83 0 0 19
84 0 0 19
85 0 0 19
86 0 0 19
87 5.3829 3.83483 19
88 5.30538 3.98374 19
89 5.23575 3.8814 19
90 5.1642 3.94229 19
91 5.11313 4.15749 19
92 5.07403 4.50831 19
93 5.03735 3.74033 19
94 4.94559 3.25245 19
95 4.83263 2.86124 19
96 4.68673 2.68852 19
97 4.59118 3.38719 19
98 4.52973 3.22521 19
99 4.42974 2.90757 19
