100 96.1255 92.4011 88.8211 85.3797 82.0717 78.8918 75.8352 72.897 70.0726 67.3576 64.7479 62.2392 59.8278 57.5098 55.2816 53.1397 51.0808 49.1017 47.1992 45.3705 43.6126 41.9229 40.2986 38.7372 37.2364 35.7936 34.4068 33.0737 31.7923 30.5605 29.3764 28.2383 27.1442 26.0925 25.0815 24.1098 23.1756 22.2777 21.4145 20.5848 19.7873 19.0206 18.2837 17.5753 16.8943 16.2398 15.6106 15.0057 14.4243 13.8655 13.3282 12.8118 12.3155 11.8383 11.3796 10.9387 10.5149 10.1075 9.71589 9.33945 8.97759 8.62976 8.2954 7.974 7.66504 7.36806 7.08259 6.80818 6.54439 6.29083 6.0471 5.8128 5.58759 5.3711 5.16299 4.96295 4.77066 4.58583 4.40815 4.23736 4.07318 3.91537 3.76367 3.61784 3.47767 3.34293 3.21341 3.0889 2.96923 2.85418 2.7436 2.6373 2.53512 2.43689 2.34248 2.25172 2.16448 2.08061 2 
0 4.35647 3.66126 0
1 4.32098 3.56341 0
2 4.28215 3.45288 0
3 4.24024 3.33302 0
4 4.19161 3.20323 0
5 4.13755 3.07014 0
6 4.07747 2.93385 0
7 4.01132 2.80091 0
8 3.94048 2.67593 0
9 3.86495 2.56384 0
10 3.78579 2.46893 0
11 3.70579 2.39045 0
12 3.6259 2.33065 0
12 5.39017 4.61213 1
13 3.54716 2.28662 0
13 5.33735 4.12257 1
14 3.4721 2.25646 0
14 5.27195 3.98885 1
15 3.39943 2.23926 0
15 5.2057 3.94629 1
16 3.33266 2.23044 0
16 5.14141 3.93042 1
17 3.26992 2.22976 0
17 5.08008 3.92006 1
18 3.21219 2.23581 0
18 5.02197 3.90384 1
19 3.15898 2.24746 0
19 4.96648 3.87978 1
20 3.11064 2.2633 0
20 4.91193 3.84648 1
21 3.06693 2.28278 0
21 4.8588 3.80381 1
22 3.02727 2.30536 0
22 4.80545 3.75246 1
23 2.99182 2.33011 0
23 4.75195 3.69496 1
24 2.96008 2.35631 0
24 4.69793 3.63377 1
24 5.39995 5.30923 2
25 2.93186 2.38361 0
25 4.64317 3.57119 1
25 5.38964 5.02489 2
26 2.90668 2.4114 0
26 4.58794 3.51069 1
26 5.37135 4.89769 2
27 2.88454 2.43902 0
27 4.53211 3.45501 1
27 5.34938 4.82165 2
28 2.865 2.46621 0
28 4.47626 3.40612 1
28 5.32536 4.76429 2
29 2.84782 2.49263 0
29 4.42114 3.3662 1
29 5.29987 4.71312 2
30 2.83284 2.51789 0
30 4.36698 3.33571 1
30 5.27315 4.66093 2
31 2.81981 2.54177 0
31 4.31456 3.31351 1
31 5.24507 4.60358 2
32 2.80846 2.56443 0
32 4.26401 3.29879 1
32 5.21523 4.53809 2
33 2.79856 2.58567 0
33 4.21603 3.28861 1
33 5.18344 4.46252 2
34 2.79014 2.60505 0
34 4.17021 3.28129 1
34 5.1489 4.37541 2
35 2.78287 2.62295 0
35 4.12667 3.2739 1
35 5.11128 4.27614 2
36 2.77669 2.63919 0
36 4.08508 3.26393 1
36 5.06987 4.16331 2
37 2.77139 2.65399 0
37 4.04523 3.24843 1
37 5.02385 4.03493 2
38 2.76695 2.66722 0
38 4.00649 3.22476 1
38 4.97213 3.88762 2
38 5.39292 4.97312 3
39 2.76319 2.67909 0
39 3.96825 3.19027 1
39 4.91366 3.71843 2
39 5.37066 4.80953 3
40 2.76004 2.68959 0
40 3.92973 3.14246 1
40 4.84674 3.5278 2
40 5.34503 4.75724 3
41 2.75746 2.69881 0
41 3.89011 3.07913 1
41 4.76996 3.32383 2
41 5.31886 4.72901 3
42 2.75531 2.70687 0
42 3.84847 3.00034 1
42 4.68294 3.12892 2
42 5.2926 4.69956 3
43 2.75354 2.71384 0
43 3.80386 2.90862 1
43 4.58741 2.97515 2
43 5.26587 4.65918 3
44 2.7521 2.71986 0
44 3.75583 2.811 1
44 4.48872 2.89082 2
44 5.23806 4.59978 3
45 2.75096 2.72494 0
45 3.70426 2.71852 1
45 4.39368 2.88318 2
45 5.20804 4.51437 3
46 2.75002 2.72932 0
46 3.65009 2.64203 1
46 4.30819 2.93551 2
46 5.17424 4.39421 3
47 2.74928 2.73296 0
47 3.59479 2.58847 1
47 4.23479 3.02036 2
47 5.13464 4.23052 3
47 5.39677 4.25488 4
48 2.74871 2.73589 0
48 3.54022 2.55899 1
48 4.17314 3.11011 2
48 5.08655 4.02031 3
48 5.32935 4.06718 4
49 2.74825 2.73838 0
49 3.48797 2.55002 1
49 4.12127 3.18633 2
49 5.0271 3.77544 3
49 5.26821 4.13321 4
50 2.74791 2.74033 0
50 3.43911 2.55641 1
50 4.07674 3.23882 2
50 4.95456 3.52613 3
50 5.21405 4.16836 4
51 2.74766 2.74194 0
51 3.39422 2.57306 1
51 4.03717 3.26382 2
51 4.86911 3.30459 3
51 5.16382 4.15738 4
51 5.38566 4.38947 5
52 2.74745 2.74316 0
52 3.3535 2.59602 1
52 4.00048 3.2593 2
52 4.77349 3.12448 3
52 5.11426 4.09468 4
52 5.33396 4.29476 5
53 2.7473 2.74418 0
53 3.31684 2.6224 1
53 3.96465 3.22412 2
53 4.67123 2.98394 3
53 5.06209 3.97918 4
53 5.28561 4.33683 5
54 2.7472 2.74492 0
54 3.28399 2.65011 1
54 3.92787 3.15747 2
54 4.56595 2.88132 3
54 5.00442 3.82214 4
54 5.24221 4.36897 5
55 2.74713 2.74548 0
55 3.25464 2.678 1
55 3.88831 3.06082 2
55 4.46166 2.82344 3
55 4.9395 3.65625 4
55 5.20239 4.3815 5
56 2.74707 2.74595 0
56 3.22848 2.70501 1
56 3.84433 2.94167 2
56 4.36298 2.82045 3
56 4.86823 3.5246 4
56 5.16466 4.37191 5
57 2.74704 2.74625 0
57 3.20517 2.73082 1
57 3.79493 2.81629 2
57 4.27443 2.87298 3
57 4.79429 3.44871 4
57 5.12776 4.32996 5
57 5.39815 4.89108 6
58 2.747 2.74649 0
58 3.18438 2.75509 1
58 3.74046 2.70598 2
58 4.19862 2.96274 3
58 4.72163 3.42025 4
58 5.08908 4.23067 5
58 5.35853 4.41449 6
59 2.74699 2.74663 0
59 3.16587 2.77769 1
59 3.6827 2.62603 2
59 4.13547 3.05857 3
59 4.65278 3.41512 4
59 5.04427 4.03843 5
59 5.31352 4.389 6
60 2.74697 2.74673 0
60 3.14935 2.79851 1
60 3.62423 2.57963 2
60 4.08249 3.13113 3
60 4.5882 3.40853 4
60 4.9868 3.72009 5
60 5.27004 4.36714 6
61 2.74697 2.74681 0
61 3.13459 2.81766 1
61 3.56741 2.56101 2
61 4.03626 3.1631 3
61 4.52658 3.37629 4
61 4.90719 3.31833 5
61 5.22691 4.32034 6
62 2.74697 2.74685 0
62 3.12141 2.83514 1
62 3.51384 2.56184 2
62 3.99331 3.14774 3
62 4.46507 3.29257 4
62 4.80292 3.01147 5
62 5.18311 4.26128 6
62 5.326 3.73586 7
63 2.74696 2.7469 0
63 3.10963 2.85108 1
63 3.46438 2.57502 2
63 3.95045 3.08436 3
63 4.3993 3.1435 4
63 4.68937 2.94346 5
63 5.13781 4.16899 6
63 5.24874 3.97569 7
64 2.74695 2.74694 0
64 3.09907 2.86551 1
64 3.41931 2.59531 2
64 3.90475 2.97851 3
64 4.32568 2.97869 4
64 4.58973 3.09432 5
64 5.08638 3.96006 6
64 5.19038 4.14854 7
65 2.74696 2.74698 0
65 3.08963 2.87855 1
65 3.37853 2.61941 2
65 3.85391 2.84771 3
65 4.24722 2.90001 4
65 4.51451 3.32686 5
65 5.02052 3.63733 6
65 5.14427 4.27113 7
65 5.3448 4.01992 8
66 2.74695 2.74694 0
66 3.08112 2.89039 1
66 3.34182 2.64507 2
66 3.79724 2.7215 3
66 4.17269 2.92722 4
66 4.4596 3.51196 5
66 4.93481 3.30989 6
66 5.10474 4.27857 7
66 5.27678 4.01112 8
67 2.74694 2.74695 0
67 3.07352 2.90107 1
67 3.30884 2.67101 2
67 3.73614 2.62675 3
67 4.10759 2.99673 4
67 4.41706 3.61876 5
67 4.82974 3.0242 6
67 5.06278 4.10093 7
67 5.21384 4.04703 8
68 2.74695 2.74697 0
68 3.06667 2.91069 1
68 3.27926 2.69634 2
68 3.67362 2.57207 3
68 4.0514 3.04586 4
68 4.38088 3.65003 5
68 4.70889 2.80558 6
68 5.00737 3.77344 7
68 5.15976 4.17406 8
69 2.74695 2.74699 0
69 3.0605 2.91937 1
69 3.25271 2.72054 2
69 3.61264 2.55061 3
69 4.00042 3.04107 4
69 4.34579 3.57729 5
69 4.58196 2.71631 6
69 4.93467 3.51236 7
69 5.11731 4.30939 8
69 5.35873 4.1436 9
70 2.74695 2.747 0
70 3.05495 2.92719 1
70 3.22887 2.74349 2
70 3.5552 2.55145 3
70 3.95022 2.97472 4
70 4.3032 3.31272 5
70 4.46823 2.86682 6
70 4.8535 3.40004 7
70 5.08045 4.27535 8
70 5.29599 4.07526 9
71 2.74696 2.74698 0
71 3.04994 2.93422 1
71 3.20746 2.76498 2
71 3.50229 2.56554 3
71 3.89691 2.85962 4
71 4.24093 2.96198 5
71 4.39085 3.31186 6
71 4.77228 3.34773 7
71 5.03609 3.95074 8
71 5.23283 3.99859 9
71 5.36321 3.79767 10
72 2.74696 2.74696 0
72 3.04542 2.94054 1
72 3.18822 2.78491 2
72 3.45415 2.58688 3
72 3.83813 2.72957 4
72 4.16574 2.86789 5
72 4.34856 3.66845 6
72 4.6921 3.26468 7
72 4.96272 3.34551 8
72 5.17088 4.03503 9
72 5.28024 3.8525 10
73 2.74696 2.74696 0
73 3.04134 2.94625 1
73 3.1709 2.80337 2
73 3.41069 2.61171 3
73 3.7744 2.62462 4
73 4.0956 2.91687 5
73 4.32194 3.8093 6
73 4.60728 3.07841 7
73 4.85099 2.96784 8
73 5.12045 4.1969 9
73 5.20868 3.93892 10
73 5.35899 4.08843 11
74 2.74694 2.74698 0
74 3.03766 2.95137 1
74 3.15531 2.82037 2
74 3.37159 2.63792 3
74 3.70869 2.56311 4
74 4.0342 2.95555 5
74 4.30025 3.81752 6
74 4.5087 2.82409 7
74 4.73527 3.04098 8
74 5.07432 4.01176 9
74 5.14773 4.06756 10
74 5.2965 4.11712 11
75 2.74695 2.74697 0
75 3.03431 2.95601 1
75 3.14123 2.836 2
75 3.33644 2.66411 3
75 3.6444 2.53945 4
75 3.9774 2.92783 5
75 4.27549 3.60818 6
75 4.40161 2.78182 7
75 4.64576 3.28421 8
75 5.00557 3.49212 9
75 5.10308 4.3127 10
75 5.23671 4.04847 11
76 2.74697 2.74696 0
76 3.03128 2.96016 1
76 3.12853 2.85036 2
76 3.3049 2.68957 3
76 3.58391 2.54058 4
76 3.91985 2.83274 5
76 4.22709 2.99673 6
76 4.32308 3.33509 7
76 4.57876 3.43749 8
76 4.90395 3.06099 9
76 5.06636 4.20479 10
76 5.17452 3.96696 11
76 5.38384 4.13167 12
77 2.74697 2.74696 0
77 3.02854 2.9639 1
77 3.11706 2.86346 2
77 3.27657 2.71385 3
77 3.5283 2.55579 4
77 3.85777 2.70803 5
77 4.14991 2.80555 6
77 4.29103 3.82564 7
77 4.5218 3.44575 8
77 4.77504 2.75619 9
77 5.0118 3.69829 10
77 5.11914 4.18198 11
77 5.31677 4.04791 12
77 5.39779 3.94148 13
78 2.74696 2.74696 0
78 3.02606 2.96727 1
78 3.10668 2.87545 2
78 3.25109 2.73675 3
78 3.4778 2.57833 4
78 3.79101 2.60452 5
78 4.07602 2.85529 6
78 4.27433 3.93765 7
78 4.462 3.22766 8
78 4.63807 2.72799 9
78 4.93079 3.40599 10
78 5.08157 4.34813 11
78 5.2512 3.96646 12
78 5.31093 3.91078 13
79 2.74696 2.74698 0
79 3.0238 2.97033 1
79 3.09728 2.88642 2
79 3.22818 2.75812 3
79 3.4323 2.60419 4
79 3.72261 2.54659 5
79 4.01093 2.87822 6
79 4.25947 3.86586 7
79 4.38065 2.83956 8
79 4.53252 3.13268 9
79 4.84246 3.30634 10
79 5.04088 3.95362 11
79 5.18028 3.82497 12
79 5.2457 4.10085 13
79 5.39128 3.89683 14
80 2.74694 2.74697 0
80 3.02175 2.97307 1
80 3.08876 2.8964 2
80 3.20754 2.778 3
80 3.39142 2.63113 4
80 3.65619 2.5276 5
80 3.94901 2.82018 6
80 4.22903 3.17687 7
80 4.2946 3.16453 8
80 4.47126 3.51735 9
80 4.75119 3.14622 10
80 4.95715 3.14195 11
80 5.1181 4.1407 12
80 5.19005 4.08588 13
80 5.30621 3.88662 14
81 2.74696 2.74695 0
81 3.01988 2.97554 1
81 3.08104 2.90551 2
81 3.18891 2.79644 3
81 3.35471 2.65789 4
81 3.5941 2.53282 5
81 3.88457 2.70722 6
81 4.15223 2.74604 7
81 4.26302 3.90278 8
81 4.42894 3.61577 9
81 4.64531 2.82909 10
81 4.83488 2.98305 11
81 5.07717 4.18771 12
81 5.13361 4.03384 13
81 5.23974 4.08869 14
82 2.74695 2.74697 0
82 3.01818 2.97779 1
82 3.07402 2.91383 2
82 3.17209 2.81343 3
82 3.32176 2.68375 4
82 3.53732 2.55106 5
82 3.81572 2.60056 6
82 4.07298 2.79362 7
82 4.25118 4.00939 8
82 4.38666 3.40788 9
82 4.52168 2.70232 10
82 4.73247 3.23311 11
82 5.01377 3.46759 12
82 5.08911 4.36157 13
82 5.18443 4.0863 14
82 5.36232 3.69856 15
83 2.74696 2.74697 0
83 3.01664 2.97981 1
83 3.06766 2.92138 2
83 3.15688 2.82908 3
83 3.29217 2.7083 4
83 3.48598 2.57561 5
83 3.74498 2.53836 6
83 4.00338 2.81521 7
83 4.23956 3.86282 8
83 4.31775 2.86248 9
83 4.42769 3.26188 10
83 4.65561 3.36885 11
83 4.90327 2.92804 12
83 5.05369 4.10224 13
83 5.12716 4.01482 14
83 5.271 3.78869 15
83 5.35909 3.73835 16
84 2.74696 2.74697 0
84 3.01522 2.98164 1
84 3.06187 2.92826 2
84 3.14313 2.84347 3
84 3.26555 2.7314 4
84 3.43982 2.60274 5
84 3.67618 2.51811 6
84 3.93691 2.74921 7
84 4.19388 2.79556 8
84 4.25384 3.69824 9
84 4.38394 3.68926 10
84 4.58514 3.24252 11
84 4.76077 2.68135 12
84 4.98489 3.45983 13
84 5.08385 4.38549 14
84 5.2029 4.06044 15
84 5.2731 3.80735 16
85 2.74694 2.74698 0
85 3.01394 2.98329 1
85 3.0566 2.93454 2
85 3.13066 2.85667 3
85 3.24159 2.75298 4
85 3.39839 2.63049 5
85 3.61192 2.5238 6
85 3.86777 2.63924 7
85 4.10694 2.71259 8
85 4.24072 4.04369 9
85 4.35383 3.69392 10
85 4.49485 2.79808 11
85 4.63389 3.00463 12
85 4.89299 3.28708 13
85 5.04841 4.04303 14
85 5.14478 3.95032 15
85 5.20006 3.98196 16
85 5.32486 3.84604 17
86 2.74696 2.74698 0
86 3.01278 2.98478 1
86 3.0518 2.94025 2
86 3.11936 2.86877 3
86 3.22 2.77299 4
86 3.36126 2.65764 5
86 3.55327 2.54303 6
86 3.79538 2.55314 7
86 4.02936 2.76571 8
86 4.23275 4.00339 9
86 4.31044 3.09804 10
86 4.39073 3.00161 11
86 4.5584 3.43232 12
86 4.79387 3.05962 13
86 4.96132 3.05905 14
86 5.09356 4.31767 15
86 5.14659 4.14251 16
86 5.24546 3.84998 17
87 2.74695 2.74698 0
87 3.01172 2.98613 1
87 3.04744 2.94543 2
87 3.10909 2.87988 3
87 3.20049 2.79153 4
87 3.32792 2.6837 5
87 3.50032 2.56859 6
87 3.72322 2.51433 7
87 3.95863 2.73375 8
87 4.20011 2.8372 9
87 4.24302 3.61719 10
87 4.34311 3.7321 11
87 4.50434 3.46354 12
87 4.67122 2.6856 13
87 4.83836 3.0653 14
87 5.05563 3.95248 15
87 5.09728 4.20788 16
87 5.17902 4.0434 17
87 5.33289 3.72444 18
87 5.38286 3.82261 19
88 2.74695 2.74698 0
88 3.01074 2.98737 1
88 3.04345 2.95017 2
88 3.09977 2.89005 3
88 3.18287 2.80862 4
88 3.29798 2.70832 5
88 3.45278 2.59659 6
88 3.6548 2.51064 7
88 3.88728 2.6354 8
88 4.10977 2.66629 9
88 4.23113 4.07858 10
88 4.31917 3.79757 11
88 4.43834 2.96357 12
88 4.54342 2.89609 13
88 4.74402 3.29625 14
88 4.96542 3.07443 15
88 5.06548 4.37104 16
88 5.12458 4.03124 17
88 5.23661 3.6091 18
88 5.30538 3.98441 19
89 2.74691 2.74699 0
89 3.00985 2.98848 1
89 3.03982 2.95448 2
89 3.09129 2.89934 3
89 3.1669 2.8244 4
89 3.27105 2.73137 5
89 3.41017 2.62499 6
89 3.59191 2.52599 7
89 3.81307 2.54773 8
89 4.02822 2.72288 9
89 4.2247 4.00926 10
89 4.28241 3.09386 11
89 4.3445 3.07339 12
89 4.47398 3.52143 13
89 4.66402 3.21098 14
89 4.82415 2.68071 15
89 5.00776 3.49418 16
89 5.07965 4.4196 17
89 5.16358 4.08147 18
89 5.23577 3.88151 19
89 5.33654 3.93033 20
90 2.74694 2.74695 0
90 3.00904 2.98949 1
90 3.03649 2.95843 2
90 3.08356 2.90785 3
90 3.15245 2.83887 4
90 3.2468 2.75282 5
90 3.372 2.65269 6
90 3.53502 2.55038 7
90 3.73902 2.50687 8
90 3.95412 2.69128 9
90 4.17723 2.64903 10
90 4.22935 3.94551 11
90 4.30749 3.84683 12
90 4.43134 3.55844 13
90 4.56275 2.72492 14
90 4.69044 3.01302 15
90 4.91313 3.24863 16
90 5.04584 3.95865 17
90 5.113 4.08033 18
90 5.1642 3.94167 19
90 5.26687 3.96274 20
90 5.39856 3.73644 21
91 2.74696 2.74697 0
91 3.00829 2.9904 1
91 3.03348 2.96199 2
91 3.07654 2.91562 3
91 3.13935 2.85221 4
91 3.22492 2.77273 5
91 3.33775 2.67917 6
91 3.48393 2.5785 7
91 3.66879 2.50296 8
91 3.87975 2.59765 9
91 4.08377 2.65062 10
91 4.22304 4.10902 11
91 4.28846 3.79008 12
91 4.37014 2.87976 13
91 4.45218 3.10381 14
91 4.61128 3.40485 15
91 4.80441 2.90863 16
91 4.94486 2.97298 17
91 5.07567 4.47781 18
91 5.11314 4.1588 19
91 5.19473 3.83492 20
91 5.29824 3.85552 21
91 5.3772 3.67826 22
92 2.74696 2.74697 0
92 3.00761 2.99125 1
92 3.03071 2.96525 2
92 3.07013 2.92274 3
92 3.12744 2.86445 4
92 3.20515 2.79113 5
92 3.30701 2.70411 6
92 3.43815 2.60761 7
92 3.6043 2.51896 8
92 3.80344 2.52317 9
92 4.00228 2.68801 10
92 4.21313 3.47019 11
92 4.23826 3.02019 12
92 4.29745 3.62913 13
92 4.40385 3.67934 14
92 4.54642 3.22327 15
92 4.66505 2.63914 16
92 4.82842 3.18503 17
92 5.02447 3.42396 18
92 5.07406 4.51548 19
92 5.13162 4.05998 20
92 5.22623 3.80233 21
92 5.2812 3.76354 22
92 5.39996 4.59865 23
93 2.74696 2.74697 0
93 3.00699 2.992 1
93 3.02818 2.96823 2
93 3.06428 2.92924 3
93 3.11661 2.8757 4
93 3.18727 2.80812 5
93 3.27935 2.72745 6
93 3.39719 2.63625 7
93 3.54606 2.54419 8
93 3.72862 2.4954 9
93 3.92595 2.62945 10
93 4.1247 2.58706 11
93 4.22025 4.11655 12
93 4.27871 3.93621 13
93 4.3677 3.4239 14
93 4.44773 2.72319 15
93 4.55881 3.29508 16
93 4.73921 3.23859 17
93 4.89757 2.73662 18
93 5.03738 3.73797 19
93 5.08202 4.30677 20
93 5.14996 3.98549 21
93 5.21376 4.04259 22
93 5.31192 3.76739 23
94 2.74693 2.74698 0
94 3.00642 2.99269 1
94 3.02587 2.97093 2
94 3.05895 2.93519 3
94 3.10677 2.88598 4
94 3.17109 2.82375 5
94 3.25446 2.74913 6
94 3.36049 2.66374 7
94 3.49381 2.57307 8
94 3.6586 2.49988 9
94 3.84851 2.54288 10
94 4.03511 2.65219 11
94 4.21577 4.02132 12
94 4.2525 3.12272 13
94 4.29337 3.12818 14
94 4.37699 3.63078 15
94 4.50344 3.50148 16
94 4.63682 2.74617 17
94 4.75181 2.91243 18
94 4.9456 3.25253 19
94 5.05295 4.15944 20
94 5.10172 4.15338 21
94 5.14969 3.91552 22
94 5.23756 3.98758 23
94 5.33602 3.41545 24
94 5.39633 3.96349 25
95 2.74695 2.74697 0
95 3.0059 2.99331 1
95 3.02376 2.97339 2
95 3.05408 2.94063 3
95 3.09781 2.89542 4
95 3.1564 2.83815 5
95 3.23199 2.76924 6
95 3.32757 2.68972 7
95 3.44708 2.60278 8
95 3.59482 2.52051 9
95 3.77103 2.49545 10
95 3.95513 2.63339 11
95 4.14852 2.55207 12
95 4.21751 4.11088 13
95 4.26782 3.97291 14
95 4.34776 3.69167 15
95 4.43523 2.83794 16
95 4.51519 3.02931 17
95 4.66257 3.3544 18
95 4.83263 2.86181 19
95 4.95601 2.97327 20
95 5.0696 4.56822 21
95 5.09931 4.1856 22
95 5.17067 3.83124 23
95 5.23563 3.87938 24
95 5.31438 3.78577 25
96 2.74693 2.74696 0
96 3.00542 2.99388 1
96 3.02182 2.97564 2
96 3.04963 2.9456 3
96 3.08963 2.90408 4
96 3.14307 2.85136 5
96 3.21169 2.78784 6
96 3.29799 2.71405 7
96 3.40525 2.63195 8
96 3.53743 2.54813 9
96 3.69729 2.48895 10
96 3.87626 2.55214 11
96 4.05302 2.61473 12
96 4.21399 4.09485 13
96 4.25087 3.47351 14
96 4.28868 2.90207 15
96 4.35248 3.53887 16
96 4.45883 3.60035 17
96 4.58716 3.04218 18
96 4.68673 2.68464 19
96 4.84114 3.21043 20
96 5.01071 3.21376 21
96 5.06608 4.60409 22
96 5.10887 4.06102 23
96 5.17327 3.90326 24
96 5.22634 3.76003 25
96 5.33609 3.84476 26
97 2.74692 2.74698 0
97 3.00498 2.9944 1
97 3.02005 2.9777 2
97 3.04556 2.95014 3
97 3.08218 2.91201 4
97 3.13094 2.86354 5
97 3.19332 2.80497 6
97 3.27137 2.73667 7
97 3.36782 2.65985 8
97 3.48609 2.57817 9
97 3.62959 2.50505 10
97 3.79704 2.4951 11
97 3.96948 2.61965 12
97 4.1548 2.52896 13
97 4.2148 4.11825 14
97 4.25745 3.99898 15
97 4.32592 3.7891 16
97 4.40771 3.04328 17
97 4.47447 2.86775 18
97 4.59118 3.3902 19
97 4.7472 3.0809 20
97 4.86757 2.67239 21
97 5.01541 3.42472 22
97 5.06774 4.57248 23
97 5.11368 4.2026 24
97 5.16428 4.05527 25
97 5.25134 3.75732 26
97 5.32335 3.85944 27
97 5.39407 3.63512 28
98 2.74696 2.74697 0
98 3.00458 2.99488 1
98 3.01843 2.97957 2
98 3.04184 2.95429 3
98 3.07538 2.91928 4
98 3.11993 2.87469 5
98 3.17668 2.82074 6
98 3.24737 2.75766 7
98 3.33425 2.68617 8
98 3.44022 2.60834 9
98 3.56854 2.53133 10
98 3.72095 2.48194 11
98 3.88882 2.54755 12
98 4.05615 2.58834 13
98 4.21173 4.09977 14
98 4.24278 3.48784 15
98 4.27481 2.9159 16
98 4.3285 3.56079 17
98 4.41789 3.66348 18
98 4.52973 3.23043 19
98 4.62036 2.63339 20
98 4.74076 3.18645 21
98 4.91154 3.07916 22
98 5.02102 3.27201 23
98 5.07426 4.51783 24
98 5.10879 4.18374 25
98 5.18078 3.97892 26
98 5.23378 3.58664 27
98 5.29709 3.91299 28
99 2.74696 2.74698 0
99 3.00421 2.9953 1
99 3.01694 2.98128 2
99 3.03843 2.9581 3
99 3.06917 2.92594 4
99 3.10989 2.88495 5
99 3.16159 2.83527 6
99 3.22571 2.77707 7
99 3.3041 2.71077 8
99 3.39919 2.63759 9
99 3.51387 2.56136 10
99 3.65079 2.49545 11
99 3.80822 2.49019 12
99 3.97024 2.59829 13
99 4.14466 2.50644 14
99 4.21223 4.14316 15
99 4.24794 4.03303 16
99 4.30538 3.82106 17
99 4.37367 3.07029 18
99 4.42975 2.90165 19
99 4.52707 3.45121 20
99 4.66038 3.21609 21
99 4.77192 2.60072 22
99 4.89803 3.11381 23
99 5.04463 3.67845 24
99 5.06934 4.53166 25
99 5.11641 3.99193 26
99 5.16405 4.10501 27
99 5.223 3.73272 28
99 5.31843 3.8213 29
99 5.39104 3.41782 30
